Rk,Gtm,Date,,Opp,Rslt,PA,AB,R,H,2B,3B,HR,RBI,BB,IBB,SO,HBP,SH,SF,ROE,GDP,SB,CS,BA,OBP,SLG,OPS,LOB,#,Thr,Opp. Starter (GmeSc)
1,1,Mar 29,,COL,W8-2,42,36,8,12,2,1,0,8,6,0,11,0,0,0,0,0,2,0,.333,.429,.444,.873,10,17,R,J.Gray (39)
2,2,Mar 30,,COL,W9-8,38,32,9,8,1,1,1,9,5,0,9,1,0,0,0,0,1,0,.294,.400,.441,.841,5,16,L,T.Anderson (18)
3,3,Mar 31,,COL,L1-2,34,29,1,5,1,0,0,1,5,0,8,0,0,0,1,2,0,0,.258,.368,.371,.740,6,14,R,G.Marquez (57)
4,4,Apr 2,,LAD,W8-7,63,53,8,14,4,2,1,8,10,1,11,0,0,0,0,2,0,1,.260,.373,.407,.780,12,20,L,H.Ryu (36)
5,5,Apr 3,,LAD,W6-1,38,33,6,8,0,0,3,6,5,0,8,0,0,0,1,0,0,0,.257,.367,.426,.794,8,13,L,C.Kershaw (61)
6,6,Apr 4,,LAD,W3-0,29,27,3,7,4,0,0,3,0,0,7,0,1,1,0,1,2,0,.257,.354,.424,.778,2,12,L,A.Wood (53)
7,7,Apr 5,@,STL,W3-1,42,34,3,9,3,1,0,3,5,1,9,1,1,1,1,0,0,0,.258,.356,.422,.778,12,14,R,A.Wainwright (40)
8,8,Apr 7,@,STL,L3-5,39,31,3,5,2,0,0,3,7,0,12,0,1,0,1,1,0,0,.247,.351,.400,.751,9,13,R,M.Wacha (51)
9,9,Apr 8,@,STL,W4-1,35,33,4,7,0,0,2,4,2,0,9,0,0,0,0,0,1,0,.244,.342,.399,.741,4,15,R,L.Weaver (69)
10,10,Apr 9,@,SFG,W2-1,32,30,2,5,0,1,0,2,1,0,11,0,0,1,0,0,0,1,.237,.329,.385,.714,3,12,L,D.Holland (67)
11,11,Apr 10,@,SFG,L4-5,40,32,4,6,3,0,1,4,7,0,9,1,0,0,0,1,1,0,.232,.331,.384,.715,9,13,R,T.Beede (46)
12,12,Apr 11,@,SFG,W7-3,37,36,7,9,4,0,2,7,1,0,9,0,0,0,0,0,1,0,.234,.326,.397,.723,3,16,L,A.Suarez (51)
13,13,Apr 13,@,LAD,W8-7,40,36,8,10,3,0,2,6,3,0,14,0,0,1,1,1,0,0,.238,.326,.407,.733,5,13,R,K.Maeda (34)
14,14,Apr 14,@,LAD,W9-1,38,36,9,10,2,0,4,9,2,0,7,0,0,0,0,0,0,0,.241,.325,.427,.752,2,16,L,R.Hill (28)
15,15,Apr 15,@,LAD,L2-7,33,32,2,4,2,0,1,2,1,0,14,0,0,0,1,0,0,0,.233,.315,.418,.733,4,13,L,C.Kershaw (81)
16,16,Apr 17,,SFG,W1-0,29,26,1,3,0,0,0,1,1,0,12,1,1,0,0,0,0,0,.228,.309,.403,.712,4,9,R,J.Cueto (84)
17,17,Apr 18,,SFG,L3-4,42,39,3,10,6,1,0,3,3,1,10,0,0,0,1,2,0,0,.230,.309,.407,.716,9,16,R,C.Stratton (71)
18,18,Apr 19,,SFG,W3-1,34,30,3,7,1,0,2,3,3,0,4,0,1,0,0,0,0,0,.230,.309,.410,.719,7,12,L,T.Blach (53)
19,19,Apr 20,,SDP,L1-4,32,28,1,1,1,0,0,1,4,0,14,0,0,0,0,0,2,0,.221,.302,.395,.697,4,15,R,T.Ross (80)
20,20,Apr 21,,SDP,W6-2,37,32,6,10,1,2,1,6,5,0,10,0,0,0,0,0,0,2,.226,.307,.403,.710,7,13,L,C.Richard (48)
21,21,Apr 22,,SDP,W4-2,33,29,4,6,0,0,1,3,4,0,6,0,0,0,0,0,2,0,.225,.307,.399,.706,5,13,L,J.Lucchesi (41)
22,22,Apr 24,@,PHI,W8-4,41,35,8,11,1,0,3,8,6,0,12,0,0,0,0,3,2,0,.229,.312,.409,.721,6,16,R,V.Velasquez (44)
23,23,Apr 25,@,PHI,L3-5,36,30,3,5,0,0,0,3,4,0,6,0,0,2,2,2,1,0,.227,.310,.399,.709,6,15,R,J.Arrieta (61)
24,24,Apr 26,@,PHI,W8-2,43,36,8,11,4,0,3,8,7,1,10,0,0,0,0,1,0,0,.230,.315,.411,.726,8,14,R,B.Lively (12)
25,25,Apr 27,@,WSN,W5-4,34,31,5,6,1,1,1,5,2,0,8,0,0,1,1,0,0,2,.229,.312,.410,.722,2,14,R,S.Strasburg (46)
26,26,Apr 28,@,WSN,W4-3,41,37,4,9,1,0,2,4,4,0,7,0,0,0,0,2,0,0,.229,.312,.411,.724,7,16,R,J.Hellickson (50)
27,27,Apr 29,@,WSN,L1-3,35,32,1,8,2,0,0,1,2,0,10,0,0,1,0,2,0,0,.230,.311,.408,.719,7,13,L,G.Gonzalez (67)
28,28,Apr 30,,LAD,W8-5,43,37,8,13,3,0,4,7,5,1,6,1,0,0,1,0,0,1,.235,.317,.422,.738,11,16,R,R.Stripling (31)
29,29,May 1,,LAD,W4-3,37,34,4,10,0,1,2,4,3,1,9,0,0,0,0,0,3,0,.237,.318,.425,.743,9,17,L,C.Kershaw (57)
30,30,May 2,,LAD,L1-2,36,32,1,6,3,0,0,1,4,0,11,0,0,0,0,1,1,0,.235,.316,.421,.737,8,16,L,H.Ryu (53)
31,31,May 3,,LAD,L2-5,36,33,2,6,0,0,0,2,2,0,9,1,0,0,1,1,2,0,.234,.314,.413,.728,7,17,L,A.Wood (61)
32,32,May 4,,HOU,L0-8,29,28,0,1,1,0,0,0,1,0,16,0,0,0,0,0,0,0,.229,.308,.404,.713,2,11,R,G.Cole (100)
33,33,May 5,,HOU,W4-3,40,30,4,6,2,0,1,4,8,0,7,1,0,1,0,0,1,0,.228,.311,.403,.714,10,17,R,C.Morton (48)
34,34,May 6,,HOU,W3-1,31,27,3,5,1,1,0,2,3,0,10,0,1,0,0,0,0,0,.227,.310,.401,.710,4,15,R,J.Verlander (65)
35,35,May 8,@,LAD,W8-5,51,45,8,12,1,0,4,8,5,0,11,0,1,0,0,0,0,1,.228,.311,.407,.717,7,21,L,R.Hill (31)
36,36,May 9,@,LAD,L3-6,39,34,3,8,1,0,1,3,5,0,7,0,0,0,0,1,0,0,.228,.311,.405,.716,9,15,L,A.Wood (54)
37,37,May 10,,WSN,L1-2,43,40,1,8,1,0,0,1,2,0,9,1,0,0,0,0,2,1,.228,.310,.399,.709,9,18,R,T.Roark (69)
38,38,May 11,,WSN,L1-3,32,32,1,5,0,1,1,1,0,0,14,0,0,0,0,0,0,0,.226,.306,.397,.703,4,13,R,M.Scherzer (76)
39,39,May 12,,WSN,L1-2,36,32,1,5,1,0,0,1,2,0,12,1,1,0,1,0,0,0,.224,.304,.392,.696,8,16,R,S.Strasburg (68)
40,40,May 13,,WSN,L4-6,37,35,4,9,2,1,0,4,1,0,12,0,1,0,1,0,1,0,.225,.304,.391,.695,6,15,R,J.Hellickson (61)
41,41,May 14,,MIL,L2-7,36,31,2,5,1,0,0,2,4,0,6,0,0,1,0,0,0,0,.223,.302,.387,.689,7,16,R,J.Guerra (57)
42,42,May 15,,MIL,W2-1,31,25,2,3,0,0,0,1,4,1,7,0,2,0,1,1,0,0,.222,.301,.382,.683,5,15,R,J.Chacin (74)
43,43,May 16,,MIL,L2-8,35,31,2,4,0,1,1,2,4,0,11,0,0,0,0,0,1,0,.220,.300,.380,.680,6,16,R,B.Woodruff (59)
44,44,May 18,@,NYM,L1-3,32,32,1,6,2,0,0,1,0,0,16,0,0,0,0,0,0,0,.219,.298,.377,.675,4,13,R,J.deGrom (74)
45,45,May 19,@,NYM,L4-5,35,34,4,8,2,0,2,4,1,0,9,0,0,0,0,1,4,0,.219,.297,.379,.676,4,16,L,S.Matz (35)
46,46,May 20,@,NYM,L1-4,33,31,1,6,0,0,0,1,1,0,11,0,1,0,1,0,1,1,.219,.295,.375,.671,5,13,R,N.Syndergaard (67)
47,47,May 21,@,MIL,L2-4,34,29,2,3,0,0,1,2,4,0,6,1,0,0,0,1,0,0,.217,.294,.372,.666,5,12,R,C.Anderson (58)
48,48,May 22,@,MIL,L0-1,32,25,0,3,1,0,0,0,7,0,10,0,0,0,0,1,0,2,.215,.294,.369,.663,5,15,R,J.Chacin (65)
49,49,May 23,@,MIL,L2-9,33,31,2,4,0,0,2,2,2,0,12,0,0,0,0,0,0,0,.213,.292,.368,.660,4,16,L,B.Suter (57)
50,50,May 25,@,OAK,W7-1,44,39,7,12,3,2,1,7,5,0,5,0,0,0,1,1,1,0,.216,.295,.373,.667,10,10,L,S.Manaea (21)
51,51,May 26,@,OAK,L0-3,30,29,0,2,0,0,0,0,0,0,5,0,1,0,1,0,0,0,.213,.291,.367,.659,3,9,R,D.Mengden (88)
52,52,May 27,@,OAK,L1-2,32,29,1,3,0,0,0,1,2,0,11,0,0,1,0,0,0,0,.211,.289,.363,.652,4,9,R,F.Montas (67)
53,53,May 28,,CIN,W12-5,41,36,12,11,1,1,3,12,5,0,7,0,0,0,2,0,1,1,.213,.291,.369,.660,5,14,R,H.Bailey (24)
54,54,May 29,,CIN,W5-2,32,27,5,4,1,0,1,4,4,0,7,0,0,1,1,1,0,0,.212,.290,.368,.658,3,13,R,L.Castillo (44)
55,55,May 30,,CIN,L4-7,40,39,4,13,1,0,2,4,1,0,5,0,0,0,0,1,0,0,.215,.291,.371,.662,9,16,R,S.Romano (40)
56,56,Jun 1,,MIA,W9-1,36,33,9,11,0,0,6,9,2,0,2,0,1,0,0,1,0,0,.217,.293,.380,.673,3,13,R,E.Hernandez (28)
57,57,Jun 2,,MIA,W6-2,35,28,6,6,1,1,2,6,5,2,7,1,0,1,0,0,0,1,.217,.294,.382,.676,5,14,L,C.Smith (35)
58,58,Jun 3,,MIA,W6-1,38,29,6,6,2,1,1,4,8,0,7,0,0,1,2,2,2,0,.217,.295,.383,.678,8,13,R,D.Straily (54)
59,59,Jun 4,@,SFG,L3-10,36,33,3,7,2,0,0,3,3,0,11,0,0,0,0,1,0,0,.217,.295,.381,.676,6,16,L,D.Holland (50)
60,60,Jun 5,@,SFG,W3-2,38,36,3,9,3,0,0,3,1,0,7,0,1,0,1,1,0,0,.217,.294,.380,.675,8,15,L,M.Bumgarner (51)
61,61,Jun 6,@,SFG,L4-5,44,38,4,10,4,0,0,4,6,2,13,0,0,0,0,0,2,0,.218,.296,.380,.676,10,16,R,C.Stratton (37)
62,62,Jun 8,@,COL,W9-4,42,37,9,12,4,1,4,9,3,1,7,0,1,1,0,0,0,0,.220,.297,.388,.685,6,14,R,G.Marquez (33)
63,63,Jun 9,@,COL,W12-7,48,39,12,13,3,0,3,11,5,1,12,3,1,0,1,1,1,0,.222,.300,.393,.693,9,15,R,C.Bettis (36)
64,64,Jun 10,@,COL,W8-3,43,36,8,10,4,1,1,8,6,0,11,0,0,1,0,1,1,0,.223,.301,.395,.696,8,15,L,K.Freeland (52)
65,65,Jun 11,,PIT,W9-5,39,34,9,9,0,1,1,7,2,0,9,3,0,0,1,0,1,0,.224,.302,.395,.698,6,13,R,J.Musgrove (58)
66,66,Jun 12,,PIT,W13-8,41,34,13,11,0,2,1,10,6,1,11,0,0,1,1,0,0,1,.225,.304,.397,.702,4,16,R,T.Williams (25)
67,67,Jun 13,,PIT,L4-5,39,34,4,8,0,0,1,4,5,1,7,0,0,0,0,0,0,0,.225,.305,.396,.701,8,16,R,J.Taillon (59)
68,68,Jun 14,,NYM,W6-3,35,29,6,8,0,0,4,6,4,0,8,2,0,0,0,2,0,1,.226,.306,.400,.706,5,13,L,J.Vargas (48)
69,69,Jun 15,,NYM,W7-3,39,34,7,12,0,1,2,7,4,0,10,0,0,1,0,0,2,1,.228,.307,.403,.710,8,13,R,S.Lugo (37)
70,70,Jun 16,,NYM,L1-5,36,34,1,6,0,1,0,1,1,0,8,1,0,0,1,0,0,0,.227,.306,.400,.707,8,13,L,S.Matz (60)
71,71,Jun 17,,NYM,L3-5,37,33,3,7,2,0,0,3,4,0,9,0,0,0,1,2,0,0,.227,.306,.399,.705,7,16,R,Z.Wheeler (64)
72,72,Jun 18,@,LAA,W7-4,41,38,7,10,1,0,3,7,3,0,11,0,0,0,1,0,0,0,.228,.306,.401,.707,7,9,R,J.Barria (30)
73,73,Jun 19,@,LAA,L4-5,39,32,4,5,1,0,1,4,6,0,14,1,0,0,0,0,0,0,.227,.306,.399,.705,8,9,R,F.Pena (57)
74,74,Jun 21,@,PIT,W9-3,44,36,9,10,4,0,2,9,5,0,4,1,1,1,1,0,0,0,.227,.307,.401,.709,8,14,R,C.Kuhl (9)
75,75,Jun 22,@,PIT,W2-1,50,47,2,8,2,0,0,1,2,1,13,0,1,0,2,0,1,0,.226,.306,.398,.703,9,18,R,I.Nova (84)
76,76,Jun 23,@,PIT,W7-2,41,36,7,10,4,1,1,6,5,1,8,0,0,0,0,0,0,0,.227,.306,.400,.706,7,13,R,J.Musgrove (27)
77,77,Jun 24,@,PIT,W3-0,33,32,3,6,0,0,2,3,1,0,7,0,0,0,1,2,0,0,.227,.305,.399,.705,3,13,R,T.Williams (56)
78,78,Jun 25,@,MIA,L5-9,37,33,5,6,1,1,1,5,1,0,7,1,0,2,1,0,0,0,.226,.304,.399,.703,5,13,R,D.Straily (59)
79,79,Jun 26,@,MIA,W5-3,43,35,5,8,4,0,0,5,6,2,11,1,0,1,1,0,0,0,.226,.305,.398,.703,11,14,R,E.Hernandez (52)
80,80,Jun 27,@,MIA,W2-1,34,32,2,6,1,0,1,2,2,0,7,0,0,0,0,0,0,0,.226,.304,.397,.701,5,13,L,W.Chen (62)
81,81,Jun 28,@,MIA,W4-0,38,34,4,11,2,0,0,4,4,0,4,0,0,0,0,2,2,1,.227,.305,.397,.702,7,13,R,T.Richards (39)
82,82,Jun 29,,SFG,L1-2,36,33,1,7,1,0,0,1,2,0,7,0,0,1,0,0,0,0,.227,.305,.395,.700,8,15,L,A.Suarez (57)
83,83,Jun 30,,SFG,L0-7,34,32,0,7,2,0,0,0,2,0,9,0,0,0,0,0,0,0,.227,.304,.394,.698,7,14,R,D.Rodriguez (64)
84,84,Jul 1,,SFG,L6-9,43,37,6,13,2,1,1,6,4,1,9,0,1,1,0,1,2,0,.228,.305,.396,.701,10,14,L,D.Holland (35)
85,85,Jul 2,,STL,L3-6,36,33,3,8,0,1,0,3,2,0,8,0,1,0,1,2,0,0,.228,.305,.395,.700,6,14,R,C.Martinez (61)
86,86,Jul 3,,STL,W4-2,32,29,4,6,2,0,1,4,2,1,8,1,0,0,0,1,1,0,.228,.305,.394,.699,4,14,R,J.Flaherty (54)
87,87,Jul 4,,STL,L4-8,42,34,4,8,0,0,0,1,6,1,8,1,1,0,1,1,0,0,.228,.306,.393,.698,11,16,R,M.Mikolas (49)
88,88,Jul 5,,SDP,L3-6,39,36,3,11,2,0,1,3,2,0,8,1,0,0,0,1,0,0,.229,.306,.393,.700,9,15,L,E.Lauer (49)
89,89,Jul 6,,SDP,W3-1,35,30,3,6,2,0,0,3,3,0,7,2,0,0,0,0,1,0,.229,.306,.392,.698,8,13,L,J.Lucchesi (58)
90,90,Jul 7,,SDP,W20-5,50,41,20,18,4,0,5,19,7,0,10,1,0,1,1,1,0,0,.232,.310,.399,.709,6,16,R,T.Ross (10)
91,91,Jul 8,,SDP,L3-4,63,57,3,11,4,0,0,3,4,0,18,2,0,0,0,3,1,0,.231,.309,.396,.705,12,22,L,C.Richard (43)
92,92,Jul 10,@,COL,W5-3,41,34,5,8,3,0,3,5,7,0,10,0,0,0,0,0,0,0,.231,.310,.399,.708,9,15,L,T.Anderson (66)
93,93,Jul 11,@,COL,L2-19,35,32,2,6,0,0,1,2,3,0,10,0,0,0,0,1,0,0,.231,.309,.397,.706,6,16,R,G.Marquez (60)
94,94,Jul 12,@,COL,L1-5,37,33,1,7,2,1,0,1,2,1,7,1,1,0,0,0,2,0,.230,.309,.397,.705,9,15,L,K.Freeland (55)
95,95,Jul 13,@,ATL,W2-1,35,32,2,7,3,0,0,2,2,0,11,0,1,0,0,0,0,0,.230,.308,.396,.704,6,14,R,A.Sanchez (64)
96,96,Jul 14,@,ATL,W3-0,37,34,3,7,2,0,1,3,3,0,5,0,0,0,0,0,0,0,.230,.308,.395,.703,7,13,L,S.Newcomb (48)
97,97,Jul 15,@,ATL,L1-5,33,30,1,5,2,0,1,1,3,0,7,0,0,0,0,1,0,0,.229,.307,.395,.702,5,14,R,J.Teheran (68)
98,98,Jul 20,,COL,L10-11,45,40,10,14,3,1,0,7,4,0,13,0,0,1,1,1,3,0,.231,.308,.396,.704,8,17,R,G.Marquez (32)
99,99,Jul 21,,COL,L5-6,42,34,5,8,0,0,0,5,6,0,9,1,0,1,0,0,0,0,.231,.309,.394,.703,10,16,L,K.Freeland (41)
100,100,Jul 22,,COL,W6-1,35,30,6,7,3,1,0,6,5,0,7,0,0,0,1,1,0,0,.231,.309,.394,.704,5,12,R,A.Senzatela (46)
101,101,Jul 23,@,CHC,W7-1,40,34,7,9,1,0,1,7,4,0,5,1,0,1,0,1,0,0,.231,.310,.394,.704,6,12,R,L.Farrell (24)
102,102,Jul 24,@,CHC,W5-1,43,36,5,12,1,1,0,5,4,0,13,1,1,1,0,0,0,0,.232,.311,.394,.705,11,14,R,K.Hendricks (47)
103,103,Jul 25,@,CHC,L1-2,32,32,1,5,1,0,1,1,0,0,9,0,0,0,0,0,1,0,.232,.310,.393,.703,4,11,L,J.Lester (67)
104,104,Jul 26,@,CHC,L6-7,42,33,6,9,1,0,2,6,9,0,7,0,0,0,0,2,0,0,.232,.311,.394,.705,9,15,R,T.Chatwood (36)
105,105,Jul 27,@,SDP,W6-2,39,37,6,11,5,0,0,6,2,0,7,0,0,0,1,2,0,0,.233,.311,.395,.706,6,11,R,L.Perdomo (17)
106,106,Jul 28,@,SDP,W9-4,47,40,9,15,5,0,0,9,6,0,6,0,1,0,0,1,0,0,.234,.313,.396,.708,11,15,R,T.Ross (38)
107,107,Jul 29,@,SDP,W5-4,38,33,5,9,1,0,3,5,4,0,8,0,1,0,0,0,0,2,.235,.313,.397,.710,6,14,L,J.Lucchesi (31)
108,108,Jul 30,,TEX,L5-9,40,35,5,9,1,2,1,5,4,0,11,0,0,1,1,0,0,0,.235,.313,.398,.711,8,15,L,M.Perez (48)
109,109,Jul 31,,TEX,W6-0,37,32,6,9,2,0,1,5,4,1,7,0,1,0,0,0,0,0,.235,.314,.399,.712,7,11,R,B.Colon (34)
110,110,Aug 2,,SFG,L1-8,40,36,1,10,2,0,0,1,3,0,8,0,0,1,0,0,1,0,.236,.314,.398,.712,12,15,L,M.Bumgarner (51)
111,111,Aug 3,,SFG,W6-3,39,33,6,12,1,0,2,6,5,0,7,1,0,0,0,3,0,0,.237,.315,.399,.715,9,13,R,C.Stratton (15)
112,112,Aug 4,,SFG,W9-3,36,33,9,12,1,1,3,9,3,0,7,0,0,0,0,1,0,1,.238,.316,.402,.718,3,15,L,A.Suarez (18)
113,113,Aug 5,,SFG,L2-3,35,30,2,4,1,0,1,2,4,0,9,1,0,0,0,1,1,0,.237,.315,.401,.717,6,15,L,D.Holland (58)
114,114,Aug 6,,PHI,W3-2,57,51,3,12,5,0,2,3,6,1,7,0,0,0,0,1,3,0,.237,.315,.402,.717,14,18,R,J.Arrieta (78)
115,115,Aug 7,,PHI,L2-5,34,33,2,9,1,0,0,2,1,0,7,0,0,0,1,4,0,0,.237,.315,.401,.716,5,13,R,N.Pivetta (67)
116,116,Aug 8,,PHI,W6-0,39,34,6,13,4,1,0,5,3,0,6,1,0,1,0,2,0,0,.239,.316,.402,.719,9,12,R,V.Velasquez (34)
117,117,Aug 10,@,CIN,L0-3,30,30,0,5,1,0,0,0,0,0,10,0,0,0,0,2,0,0,.238,.315,.401,.716,3,11,R,A.DeSclafani (80)
118,118,Aug 11,@,CIN,L3-6,34,33,3,7,2,0,2,3,1,0,8,0,0,0,0,1,0,0,.238,.315,.401,.716,4,14,R,M.Harvey (65)
119,119,Aug 12,@,CIN,W9-2,40,36,9,10,3,0,5,9,3,0,10,0,1,0,0,0,0,0,.238,.315,.405,.720,4,13,R,L.Castillo (45)
120,120,Aug 13,@,TEX,L3-5,34,33,3,6,2,0,0,3,1,0,6,0,0,0,0,0,1,0,.238,.314,.403,.717,4,11,R,B.Colon (49)
121,121,Aug 14,@,TEX,W6-4,41,35,6,10,3,0,2,5,6,0,5,0,0,0,0,2,1,0,.238,.315,.405,.719,8,9,R,Y.Gallardo (30)
122,122,Aug 16,@,SDP,W5-1,43,33,5,7,1,0,1,5,8,0,15,1,1,0,0,0,0,0,.238,.315,.404,.719,11,9,R,J.Nix (21)
123,123,Aug 17,@,SDP,W9-4,45,38,9,13,3,0,2,9,6,1,15,0,1,0,0,1,0,0,.239,.316,.406,.722,9,16,L,J.Lucchesi (27)
124,124,Aug 18,@,SDP,L6-7,38,37,6,12,4,0,0,6,0,0,8,0,0,1,0,1,0,0,.240,.316,.406,.722,5,16,L,C.Richard (32)
125,125,Aug 19,@,SDP,W4-3,41,37,4,11,1,0,3,4,4,1,8,0,0,0,0,0,0,0,.240,.317,.407,.724,10,14,R,B.Kennedy (48)
126,126,Aug 21,,LAA,W5-4,37,30,5,8,1,0,1,4,4,0,13,2,1,0,0,1,1,0,.240,.317,.407,.725,8,15,R,F.Pena (52)
127,127,Aug 22,,LAA,W5-1,37,34,5,10,2,0,2,5,3,0,9,0,0,0,0,0,1,0,.241,.318,.408,.726,8,14,R,O.Despaigne (43)
128,128,Aug 24,,SEA,L3-6,36,33,3,6,2,0,0,1,2,0,11,0,0,1,2,1,0,0,.240,.317,.407,.724,6,14,R,E.Ramirez (57)
129,129,Aug 25,,SEA,L3-4,43,38,3,10,0,0,1,3,3,0,10,1,1,0,0,0,0,0,.241,.317,.406,.723,10,18,L,W.LeBlanc (64)
130,130,Aug 26,,SEA,W5-2,31,30,5,8,1,0,1,5,0,0,6,0,0,1,0,1,0,0,.241,.317,.406,.723,2,15,R,M.Leake (44)
131,131,Aug 27,@,SFG,L0-2,34,32,0,5,0,1,0,0,2,0,7,0,0,0,0,0,0,0,.240,.316,.405,.721,7,12,R,C.Stratton (78)
132,132,Aug 28,@,SFG,L0-1,38,34,0,6,1,0,0,0,4,0,6,0,0,0,2,0,0,0,.240,.316,.403,.719,11,16,L,M.Bumgarner (70)
133,133,Aug 29,@,SFG,W3-1,37,32,3,5,2,0,1,3,4,0,8,0,1,0,1,0,0,0,.239,.315,.403,.718,7,14,R,D.Rodriguez (44)
134,134,Aug 30,@,LAD,W3-1,39,37,3,10,1,0,1,3,0,0,12,2,0,0,0,0,0,0,.239,.315,.403,.718,9,16,L,R.Hill (50)
135,135,Aug 31,@,LAD,L2-3,32,31,2,6,1,0,1,2,0,0,7,0,1,0,0,1,0,0,.239,.314,.402,.716,3,10,L,H.Ryu (66)
136,136,Sep 1,@,LAD,L2-3,34,33,2,5,1,0,2,2,0,0,6,0,0,0,1,0,0,0,.238,.313,.402,.715,5,16,L,C.Kershaw (64)
137,137,Sep 2,@,LAD,L2-3,37,30,2,5,1,0,1,2,6,1,12,0,0,1,0,1,0,0,.238,.313,.401,.714,8,20,R,W.Buehler (71)
138,138,Sep 3,,SDP,L2-6,37,31,2,5,2,0,0,2,6,0,7,0,0,0,0,1,0,0,.237,.313,.400,.713,8,19,R,B.Mitchell (58)
139,139,Sep 4,,SDP,W6-0,34,29,6,9,1,1,0,4,3,0,7,0,1,1,0,2,1,0,.238,.313,.400,.713,4,13,L,J.Lucchesi (58)
140,140,Sep 6,,ATL,L6-7,45,41,6,13,3,0,1,6,3,0,13,0,0,1,0,1,0,0,.239,.314,.401,.714,9,25,R,A.Sanchez (54)
141,141,Sep 7,,ATL,W5-3,40,30,5,9,1,0,1,5,9,2,6,0,0,1,0,0,1,0,.239,.315,.401,.716,11,18,R,K.Gausman (34)
142,142,Sep 8,,ATL,L4-5,46,35,4,5,2,0,0,3,9,1,6,2,0,0,1,0,1,0,.238,.315,.399,.714,12,20,R,J.Teheran (64)
143,143,Sep 9,,ATL,L5-9,41,31,5,6,0,1,0,5,9,1,9,0,0,1,0,0,1,1,.238,.315,.398,.714,9,19,R,T.Toussaint (57)
144,144,Sep 10,@,COL,L2-13,34,33,2,8,0,1,0,2,1,0,12,0,0,0,0,1,0,0,.238,.315,.398,.713,5,20,R,G.Marquez (69)
145,145,Sep 11,@,COL,W6-3,38,35,6,10,2,1,1,6,3,1,7,0,0,0,0,2,3,0,.238,.315,.398,.714,5,14,R,A.Senzatela (44)
146,146,Sep 12,@,COL,L4-5,34,30,4,4,1,0,2,4,2,0,12,1,0,1,0,1,2,0,.238,.315,.398,.713,3,14,R,J.Gray (42)
147,147,Sep 13,@,COL,L3-10,33,32,3,7,2,1,1,3,1,0,8,0,0,0,1,3,0,0,.238,.314,.398,.713,3,20,L,K.Freeland (58)
148,148,Sep 14,@,HOU,W4-2,41,36,4,10,4,1,0,4,5,0,9,0,0,0,0,0,0,0,.238,.315,.399,.713,10,12,L,D.Keuchel (55)
149,149,Sep 15,@,HOU,L4-10,36,32,4,6,2,0,2,4,1,0,11,1,0,1,0,0,0,0,.238,.314,.399,.713,5,15,R,C.Morton (65)
150,150,Sep 16,@,HOU,L4-5,34,30,4,5,0,0,2,4,2,0,13,0,1,1,0,0,0,0,.237,.313,.399,.712,3,11,R,J.Verlander (77)
151,151,Sep 17,,CHC,L1-5,31,30,1,3,1,0,1,1,1,0,8,0,0,0,1,0,0,1,.236,.312,.398,.710,3,13,R,K.Hendricks (81)
152,152,Sep 18,,CHC,L1-9,33,32,1,4,1,0,1,1,1,0,12,0,0,0,2,1,0,0,.236,.311,.397,.708,5,19,L,M.Montgomery (67)
153,153,Sep 19,,CHC,W9-0,36,35,9,12,0,2,3,9,0,0,6,1,0,0,0,1,0,0,.236,.312,.399,.711,3,14,L,C.Hamels (30)
154,154,Sep 21,,COL,L2-6,34,34,2,8,3,0,1,2,0,0,12,0,0,0,0,0,0,0,.236,.311,.399,.711,5,14,R,G.Marquez (68)
155,155,Sep 22,,COL,L1-5,29,29,1,3,0,0,1,1,0,0,5,0,0,0,0,1,0,0,.236,.310,.398,.708,1,17,R,A.Senzatela (71)
156,156,Sep 23,,COL,L0-2,37,34,0,7,0,0,0,0,3,0,9,0,0,0,1,0,0,1,.235,.310,.397,.707,10,18,L,K.Freeland (68)
157,157,Sep 24,,LAD,L4-7,36,34,4,7,2,1,2,4,1,0,10,1,0,0,0,0,0,0,.235,.310,.398,.707,5,20,L,C.Kershaw (53)
158,158,Sep 25,,LAD,W4-3,35,30,4,8,2,0,1,4,4,1,6,0,1,0,1,2,1,0,.235,.310,.398,.708,7,19,R,W.Buehler (59)
159,159,Sep 26,,LAD,W7-2,36,32,7,10,1,1,3,7,4,0,8,0,0,0,0,2,0,0,.236,.310,.399,.710,5,14,R,R.Stripling (33)
160,160,Sep 28,@,SDP,L2-3,61,52,2,10,2,0,0,1,7,2,17,1,0,1,0,1,2,0,.235,.310,.398,.708,14,22,L,E.Lauer (62)
161,161,Sep 29,@,SDP,W5-4,39,33,5,7,2,0,1,4,6,0,4,0,0,0,0,1,1,0,.235,.310,.398,.708,7,14,R,J.Nix (33)
162,162,Sep 30,@,SDP,L3-4,35,33,3,6,0,0,2,3,1,0,13,0,0,1,0,1,1,1,.235,.310,.397,.707,2,18,L,J.Lucchesi (64)