Rk,Gtm,Date,,Opp,Rslt,PA,AB,R,H,2B,3B,HR,RBI,BB,IBB,SO,HBP,SH,SF,ROE,GDP,SB,CS,BA,OBP,SLG,OPS,LOB,#,Thr,Opp. Starter (GmeSc)
1,1,Mar 29,,PHI,W8-5,40,34,8,9,1,0,3,7,4,1,6,1,1,0,0,0,0,0,.265,.359,.559,.918,6,19,R,A.Nola (60)
2,2,Mar 30,,PHI,L4-5,46,37,4,9,2,0,0,4,5,0,9,2,1,1,0,1,0,1,.254,.357,.423,.780,9,19,R,N.Pivetta (41)
3,3,Mar 31,,PHI,W15-2,51,43,15,19,5,1,1,14,5,1,5,0,2,1,3,0,0,0,.325,.406,.518,.924,12,14,R,V.Velasquez (20)
4,4,Apr 2,,WSN,L1-8,31,30,1,4,0,0,0,1,1,0,9,0,0,0,1,1,1,0,.285,.360,.438,.797,3,15,R,T.Roark (70)
5,5,Apr 3,,WSN,W13-6,44,36,13,15,4,0,2,13,5,0,9,1,2,0,0,1,1,0,.311,.388,.489,.877,7,15,R,A.Cole (2)
6,6,Apr 4,,WSN,W7-1,36,32,7,7,4,0,1,6,4,0,11,0,0,0,1,0,0,0,.297,.376,.481,.857,5,16,R,M.Scherzer (46)
7,7,Apr 6,@,COL,W8-3,44,36,8,11,3,1,1,8,7,2,2,0,0,1,0,1,1,0,.298,.381,.488,.869,9,14,R,G.Marquez (18)
8,8,Apr 7,@,COL,L2-3,40,34,2,8,2,0,0,2,4,0,5,1,1,0,0,3,2,0,.291,.375,.465,.840,8,16,R,C.Bettis (58)
9,9,Apr 8,@,COL,W4-0,36,34,4,8,2,0,3,4,2,0,9,0,0,0,0,1,1,0,.285,.366,.475,.840,5,13,L,K.Freeland (49)
10,10,Apr 9,@,WSN,L0-2,28,28,0,2,0,0,0,0,0,0,10,0,0,0,0,1,0,0,.267,.344,.442,.786,1,12,R,M.Scherzer (93)
11,11,Apr 10,@,WSN,L1-4,34,31,1,5,3,0,0,1,3,0,9,0,0,0,0,0,0,1,.259,.336,.427,.762,6,15,R,S.Strasburg (82)
12,12,Apr 11,@,WSN,W5-3,54,46,5,11,3,0,3,5,7,2,16,1,0,0,1,1,3,1,.257,.338,.435,.772,13,19,R,A.Cole (57)
13,13,Apr 13,@,CHC,W4-0,44,39,4,12,4,0,1,3,5,0,7,0,0,0,1,0,0,1,.261,.342,.439,.781,13,14,R,Y.Darvish (30)
14,14,Apr 14,@,CHC,L10-14,49,40,10,15,4,0,1,10,8,0,6,0,1,0,2,2,0,0,.270,.353,.448,.801,12,15,L,J.Quintana (12)
15,15,Apr 16,,PHI,W2-1,28,25,2,4,0,0,0,1,1,0,3,0,1,1,0,1,1,0,.265,.346,.434,.780,2,14,R,A.Nola (57)
16,16,Apr 17,,PHI,L1-5,43,38,1,8,0,0,0,1,4,1,6,1,0,0,1,1,0,0,.261,.343,.419,.762,12,18,R,N.Pivetta (55)
17,17,Apr 18,,PHI,W7-3,36,33,7,11,0,0,2,6,2,1,10,1,0,0,0,0,0,0,.265,.345,.424,.770,5,16,R,V.Velasquez (52)
18,18,Apr 19,,NYM,W12-4,42,34,12,13,6,0,1,12,5,0,5,0,1,2,0,0,0,0,.271,.351,.437,.787,6,15,R,M.Harvey (35)
19,19,Apr 20,,NYM,L3-5,45,41,3,8,2,0,1,3,3,0,12,0,0,1,0,0,2,2,.267,.344,.429,.773,6,17,R,N.Syndergaard (52)
20,20,Apr 21,,NYM,W4-3,37,32,4,8,2,1,0,4,5,0,14,0,0,0,0,0,2,1,.266,.345,.427,.771,8,15,R,J.deGrom (77)
21,21,Apr 23,@,CIN,L4-10,35,34,4,7,1,0,1,3,1,0,7,0,0,0,0,0,0,0,.263,.340,.422,.762,4,14,R,S.Romano (62)
22,22,Apr 24,@,CIN,L7-9,51,46,7,11,2,0,3,7,4,0,15,1,0,0,0,1,0,0,.262,.338,.425,.764,8,19,R,T.Mahle (63)
23,23,Apr 25,@,CIN,W5-4,43,40,5,13,2,0,1,4,2,1,8,1,0,0,0,0,2,0,.265,.340,.426,.766,11,14,L,B.Finnegan (46)
24,24,Apr 26,@,CIN,W7-4,40,37,7,13,5,0,2,7,2,2,4,0,1,0,0,0,0,1,.269,.342,.436,.778,6,14,R,H.Bailey (37)
25,25,Apr 27,@,PHI,L3-7,37,36,3,9,3,0,0,2,1,0,8,0,0,0,1,1,3,0,.268,.339,.432,.771,7,14,R,A.Nola (54)
26,26,Apr 28,@,PHI,W4-1,40,34,4,9,0,1,1,4,5,0,7,0,0,1,0,1,2,0,.268,.339,.431,.771,9,14,R,N.Pivetta (42)
27,27,Apr 29,@,PHI,W10-1,46,39,10,11,6,1,2,10,6,0,10,1,0,0,1,0,3,0,.268,.342,.440,.781,9,13,R,V.Velasquez (26)
28,28,May 1,@,NYM,W3-2,42,40,3,15,2,0,0,3,1,0,5,1,0,0,0,0,0,0,.273,.344,.439,.783,12,14,R,N.Syndergaard (42)
29,29,May 2,@,NYM,W7-0,38,38,7,11,3,0,3,7,0,0,10,0,0,0,0,0,0,0,.273,.342,.445,.787,4,13,R,J.deGrom (64)
30,30,May 3,@,NYM,W11-0,46,39,11,15,2,0,4,11,5,0,5,0,1,1,0,0,0,1,.277,.346,.456,.802,8,12,L,J.Vargas (19)
31,31,May 4,,SFG,L4-9,36,32,4,8,1,0,2,4,3,0,8,0,0,1,0,2,0,0,.276,.345,.456,.801,5,14,R,C.Stratton (52)
32,32,May 5,,SFG,L2-11,36,34,2,7,2,0,0,2,2,0,2,0,0,0,2,1,0,0,.274,.342,.451,.793,7,15,L,T.Blach (61)
33,33,May 6,,SFG,L3-4,37,35,3,9,1,0,0,3,2,0,7,0,0,0,2,3,0,0,.274,.341,.446,.787,7,17,L,A.Suarez (57)
34,34,May 8,@,TBR,W1-0,36,32,1,4,0,1,1,1,4,0,9,0,0,0,0,0,1,0,.270,.338,.441,.779,8,9,L,B.Snell (64)
35,35,May 9,@,TBR,W5-2,34,32,5,6,0,0,1,5,0,0,11,1,0,1,0,0,2,0,.268,.335,.437,.772,2,9,L,R.Yarbrough (42)
36,36,May 10,@,MIA,W9-2,47,42,9,16,2,0,2,9,5,2,6,0,0,0,0,0,1,1,.271,.338,.442,.780,11,13,L,C.Smith (49)
37,37,May 11,@,MIA,L3-6,37,33,3,5,1,0,1,3,3,0,8,1,0,0,1,0,1,0,.268,.336,.437,.773,7,13,R,D.Straily (53)
38,38,May 12,@,MIA,W10-5,43,37,10,12,0,1,4,9,6,0,7,0,0,0,0,1,1,0,.270,.338,.445,.783,6,17,L,J.Garcia (42)
39,39,May 13,@,MIA,W4-3,37,34,4,8,1,0,1,4,3,0,8,0,0,0,0,0,1,1,.269,.337,.442,.780,6,15,R,J.Urena (55)
40,40,May 14,@,CHC,W6-5,45,36,6,9,1,0,3,6,8,0,9,0,1,0,1,0,1,1,.269,.339,.445,.783,12,14,L,J.Quintana (25)
41,41,May 15,,CHC,L2-3,33,30,2,5,0,0,2,2,3,0,7,0,0,0,1,0,3,0,.267,.337,.443,.780,4,14,R,Y.Darvish (55)
42,42,May 16,,CHC,W4-1,35,28,4,7,2,1,0,4,7,1,5,0,0,0,0,3,0,0,.266,.338,.442,.780,7,13,R,T.Chatwood (56)
43,43,May 18,,MIA,L0-2,32,29,0,4,1,0,0,0,3,1,6,0,0,0,0,1,0,0,.264,.336,.437,.773,5,13,R,D.Straily (74)
44,44,May 19,,MIA,W8-1,33,28,8,9,1,0,2,8,3,0,2,0,2,0,0,2,0,1,.265,.337,.439,.776,1,13,R,J.Urena (47)
45,45,May 20,,MIA,W10-9,44,37,10,12,0,0,0,9,6,0,7,0,0,1,0,0,1,0,.266,.338,.437,.775,8,16,L,W.Chen (54)
46,46,May 21,@,PHI,L0-3,33,32,0,5,0,0,0,0,1,0,9,0,0,0,1,0,1,1,.264,.336,.431,.767,6,12,R,N.Pivetta (75)
47,47,May 22,@,PHI,W3-1,39,36,3,10,1,0,1,2,3,0,14,0,0,0,0,1,0,0,.264,.335,.430,.766,9,14,R,V.Velasquez (51)
48,48,May 23,@,PHI,L0-4,35,33,0,8,2,0,0,0,2,0,9,0,0,0,0,1,0,1,.264,.335,.428,.762,8,15,R,J.Arrieta (66)
49,49,May 25,@,BOS,L2-6,38,34,2,7,2,0,0,2,4,0,12,0,0,0,0,0,0,0,.263,.334,.424,.758,9,9,L,E.Rodriguez (53)
50,50,May 26,@,BOS,L6-8,41,36,6,11,3,0,2,6,4,0,5,0,0,1,0,1,0,0,.264,.334,.427,.761,8,9,L,D.Pomeranz (28)
51,51,May 27,@,BOS,W7-1,42,36,7,9,3,0,1,6,6,0,10,0,0,0,0,0,0,0,.263,.335,.427,.762,8,10,L,C.Sale (34)
52,52,May 28 (1),,NYM,W4-3,36,31,4,8,0,0,2,4,4,0,10,0,0,1,0,1,0,0,.263,.335,.427,.762,7,15,R,J.deGrom (68)
53,53,May 28 (2),,NYM,L5-8,42,38,5,13,4,0,1,5,2,1,10,1,0,1,0,0,0,0,.265,.336,.429,.765,10,15,L,P.Conlon (25)
54,54,May 29,,NYM,W7-6,42,36,7,11,3,1,1,6,5,2,5,1,0,0,0,0,0,0,.266,.337,.431,.768,10,13,L,S.Matz (57)
55,55,May 30,,NYM,L1-4,34,32,1,5,1,0,1,1,2,1,2,0,0,0,1,1,0,0,.264,.335,.429,.764,6,14,L,J.Vargas (64)
56,56,May 31,,WSN,W4-2,35,28,4,7,4,0,0,3,6,2,5,1,0,0,0,2,0,1,.264,.336,.428,.764,7,13,R,T.Roark (42)
57,57,Jun 1,,WSN,W4-0,33,32,4,9,0,0,1,4,1,0,10,0,0,0,1,2,0,0,.264,.336,.427,.763,5,10,R,S.Strasburg (56)
58,58,Jun 2,,WSN,L3-5,47,47,3,5,1,0,1,3,0,0,16,0,0,0,0,0,0,0,.260,.331,.422,.753,2,19,L,G.Gonzalez (64)
59,59,Jun 3,,WSN,W4-2,36,31,4,7,3,0,2,4,4,1,3,1,0,0,1,0,0,1,.260,.331,.423,.754,7,13,R,J.Hellickson (49)
60,60,Jun 4,@,SDP,L4-11,39,36,4,9,4,0,0,4,2,0,7,1,0,0,0,0,0,0,.260,.330,.422,.753,8,15,L,C.Richard (56)
61,61,Jun 5,@,SDP,W14-1,51,44,14,18,6,0,3,14,5,0,3,1,1,0,1,1,1,0,.263,.334,.429,.763,10,12,R,J.Lyles (8)
62,62,Jun 6,@,SDP,L1-3,34,30,1,4,1,0,1,1,2,0,13,1,1,0,0,0,0,0,.261,.332,.427,.759,6,13,L,M.Strahm (51)
63,63,Jun 8,@,LAD,L3-7,33,32,3,6,3,0,1,3,1,0,6,0,0,0,0,1,0,0,.260,.330,.426,.756,3,15,R,W.Buehler (64)
64,64,Jun 9,@,LAD,W5-3,40,40,5,14,4,1,0,5,0,0,10,0,0,0,1,1,2,0,.261,.331,.427,.758,8,14,L,A.Wood (40)
65,65,Jun 10,@,LAD,L2-7,34,34,2,7,0,0,2,2,0,0,7,0,0,0,0,0,0,0,.261,.329,.427,.756,5,13,R,R.Stripling (64)
66,66,Jun 12,,NYM,W8-2,37,32,8,10,2,0,2,8,5,0,4,0,0,0,0,1,2,0,.261,.330,.429,.759,5,16,R,Z.Wheeler (27)
67,67,Jun 13,,NYM,W2-0,31,31,2,8,3,0,1,2,0,0,8,0,0,0,0,0,0,1,.261,.329,.429,.758,5,14,R,J.deGrom (66)
68,68,Jun 14,,SDP,W4-2,33,28,4,5,2,0,1,3,2,1,6,2,1,0,1,0,0,1,.260,.329,.428,.757,5,13,R,T.Ross (57)
69,69,Jun 15,,SDP,L3-9,37,34,3,6,0,1,1,3,3,0,11,0,0,0,1,0,0,0,.259,.327,.426,.754,7,15,L,C.Richard (54)
70,70,Jun 16,,SDP,W1-0,29,29,1,5,0,0,1,1,0,0,7,0,0,0,0,0,0,0,.258,.326,.425,.751,4,13,R,J.Lyles (69)
71,71,Jun 17,,SDP,W4-1,33,32,4,7,3,0,1,4,1,0,11,0,0,0,1,1,0,0,.258,.325,.424,.749,5,14,L,M.Strahm (61)
72,72,Jun 19,@,TOR,W11-4,48,42,11,14,7,1,2,11,6,1,7,0,0,0,1,0,0,0,.259,.326,.429,.755,10,9,L,J.Garcia (28)
73,73,Jun 20,@,TOR,L4-5,35,35,4,8,1,0,2,4,0,0,9,0,0,0,0,0,0,0,.258,.325,.429,.754,4,10,L,J.Happ (63)
74,74,Jun 22,,BAL,L7-10,65,56,7,14,5,1,0,7,6,2,11,2,1,0,0,0,0,1,.258,.326,.428,.753,13,21,R,A.Cobb (69)
75,75,Jun 23,,BAL,L5-7,44,37,5,12,2,0,0,4,6,0,11,0,1,0,0,1,1,0,.259,.327,.427,.754,12,15,R,D.Bundy (57)
76,76,Jun 24,,BAL,W7-3,37,34,7,11,4,0,1,7,2,0,8,1,0,0,0,1,1,0,.260,.328,.428,.756,6,15,R,D.Hess (30)
77,77,Jun 25,,CIN,W5-4,47,38,5,10,3,0,1,4,7,1,6,0,1,1,1,1,0,0,.260,.328,.428,.756,12,18,R,T.Mahle (46)
78,78,Jun 26,,CIN,L3-5,38,34,3,10,2,0,0,3,3,0,4,1,0,0,0,2,1,0,.260,.329,.427,.756,8,15,R,M.Harvey (59)
79,79,Jun 27,,CIN,L5-6,37,34,5,7,0,0,0,4,2,1,10,1,0,0,1,1,2,0,.260,.328,.425,.753,5,15,R,L.Castillo (35)
80,80,Jun 29,@,STL,W5-1,43,35,5,10,1,0,0,5,4,0,5,2,1,1,1,1,0,0,.260,.329,.423,.752,11,17,R,M.Mikolas (55)
81,81,Jun 30,@,STL,W11-4,44,40,11,15,5,0,2,11,2,1,7,0,0,2,0,0,0,0,.262,.330,.426,.756,6,13,R,L.Weaver (15)
82,82,Jul 1,@,STL,W6-5,37,33,6,6,2,0,1,6,3,1,4,0,0,1,0,0,0,0,.261,.329,.425,.754,4,16,R,J.Gant (43)
83,83,Jul 2,@,NYY,W5-3,44,42,5,9,3,0,2,5,1,0,10,0,1,0,1,0,0,0,.260,.327,.425,.753,6,11,R,J.Loaisiga (43)
84,84,Jul 3,@,NYY,L5-8,41,38,5,11,0,0,3,5,3,0,14,0,0,0,0,0,1,0,.261,.327,.427,.754,9,9,R,D.German (42)
85,85,Jul 4,@,NYY,L2-6,40,35,2,9,2,0,1,2,3,0,7,2,0,0,0,1,2,0,.260,.328,.426,.754,11,10,L,C.Sabathia (56)
86,86,Jul 5,@,MIL,L2-7,32,29,2,3,1,1,0,2,1,0,9,2,0,0,0,1,0,0,.259,.326,.424,.751,3,13,R,J.Chacin (69)
87,87,Jul 6,@,MIL,L4-5,36,31,4,9,2,0,0,3,5,0,9,0,0,0,0,2,0,2,.259,.327,.424,.751,5,13,R,F.Peralta (65)
88,88,Jul 7,@,MIL,W5-1,40,34,5,8,1,2,0,5,6,0,9,0,0,0,0,1,0,0,.259,.327,.423,.750,8,13,R,A.Wilkerson (53)
89,89,Jul 8,@,MIL,L3-10,40,35,3,10,3,0,0,2,5,0,9,0,0,0,1,2,0,0,.259,.328,.423,.750,10,17,R,J.Guerra (55)
90,90,Jul 10,,TOR,L2-6,36,34,2,8,1,0,0,2,2,0,9,0,0,0,0,1,1,0,.259,.327,.421,.748,7,14,R,M.Stroman (64)
91,91,Jul 11,,TOR,W9-5,43,36,9,12,4,0,2,9,4,1,10,1,1,1,1,0,0,0,.260,.328,.423,.751,10,14,R,S.Gaviglio (19)
92,92,Jul 13,,ARI,L1-2,35,32,1,6,1,0,0,1,2,0,12,0,1,0,0,0,0,0,.259,.327,.421,.748,7,15,R,Z.Godley (64)
93,93,Jul 14,,ARI,L0-3,33,31,0,5,1,0,0,0,1,0,11,0,1,0,0,0,0,0,.258,.326,.419,.745,6,15,R,Z.Greinke (78)
94,94,Jul 15,,ARI,W5-1,33,30,5,7,2,0,1,5,2,0,4,0,1,0,0,0,0,0,.258,.326,.419,.744,4,13,L,P.Corbin (46)
95,95,Jul 20,@,WSN,W8-5,43,38,8,12,5,0,2,8,4,1,6,0,0,1,0,0,4,0,.259,.326,.421,.747,8,12,R,S.Strasburg (28)
96,96,Jul 22,@,WSN,L2-6,39,38,2,14,2,0,0,2,1,0,9,0,0,0,0,1,2,1,.260,.327,.421,.748,10,16,R,M.Scherzer (54)
97,97,Jul 23,@,MIA,W12-1,48,40,12,16,6,0,2,12,4,1,6,3,1,0,0,1,0,0,.262,.329,.424,.753,9,15,R,J.Urena (32)
98,98,Jul 24,@,MIA,L3-9,35,30,3,6,1,0,1,3,4,0,5,0,1,0,0,1,0,0,.261,.329,.423,.752,5,13,L,W.Chen (51)
99,99,Jul 26,,LAD,L2-8,36,35,2,7,1,0,1,2,1,0,10,0,0,0,1,0,0,0,.260,.328,.422,.750,7,15,L,R.Hill (78)
100,100,Jul 27,,LAD,L1-4,33,32,1,6,1,0,0,1,0,0,10,1,0,0,0,0,0,0,.260,.327,.420,.747,5,15,L,C.Kershaw (71)
101,101,Jul 28,,LAD,L1-5,34,29,1,3,1,0,1,1,4,1,8,1,0,0,2,3,0,0,.258,.326,.419,.745,6,16,L,A.Wood (68)
102,102,Jul 29,,LAD,W4-1,34,32,4,8,3,0,1,4,2,0,9,0,0,0,0,0,1,0,.258,.326,.419,.745,6,10,R,R.Stripling (36)
103,103,Jul 30,,MIA,W5-3,32,28,5,6,2,0,2,5,3,1,3,0,0,1,0,0,0,0,.258,.325,.420,.745,3,14,L,W.Chen (35)
104,104,Jul 31,,MIA,W11-6,44,39,11,19,3,0,3,11,3,0,5,0,2,0,1,3,0,0,.261,.327,.424,.751,9,11,R,D.Straily (16)
105,105,Aug 2,@,NYM,W4-2,36,33,4,6,2,1,0,4,3,0,11,0,0,0,0,0,3,0,.260,.327,.423,.749,5,13,L,J.Vargas (43)
106,106,Aug 3,@,NYM,W2-1,33,32,2,6,2,0,1,2,1,0,9,0,0,0,0,0,0,0,.259,.326,.422,.748,4,14,R,J.deGrom (70)
107,107,Aug 4,@,NYM,L0-3,32,31,0,5,1,0,0,0,1,0,10,0,0,0,0,1,0,0,.258,.325,.420,.745,5,13,R,Z.Wheeler (79)
108,108,Aug 5,@,NYM,W5-4,42,40,5,12,0,0,3,5,0,0,8,0,2,0,0,0,0,0,.259,.324,.421,.745,7,16,R,C.Oswalt (48)
109,109,Aug 7 (1),@,WSN,L3-8,36,34,3,7,1,0,1,3,2,0,8,0,0,0,1,1,0,0,.258,.324,.420,.744,6,17,R,J.Rodriguez (59)
110,110,Aug 7 (2),@,WSN,W3-1,36,34,3,7,0,1,1,3,2,1,10,0,0,0,0,0,0,0,.258,.323,.420,.743,6,14,R,M.Scherzer (70)
111,111,Aug 8,@,WSN,W8-3,39,37,8,12,1,0,3,8,0,0,6,0,2,0,0,0,1,0,.259,.323,.421,.744,4,14,L,T.Milone (28)
112,112,Aug 9,@,WSN,L3-6,36,34,3,10,2,0,2,3,1,0,4,0,0,1,0,0,0,0,.259,.323,.422,.745,6,13,L,G.Gonzalez (63)
113,113,Aug 10,,MIL,W10-1,45,36,10,13,6,0,0,10,8,1,7,0,0,1,0,0,1,0,.260,.324,.423,.748,11,12,R,F.Peralta (15)
114,114,Aug 11,,MIL,L2-4,33,31,2,7,1,0,1,2,1,0,3,0,1,0,0,2,0,0,.259,.324,.423,.747,4,15,L,W.Miley (51)
115,115,Aug 12,,MIL,W8-7,36,32,8,9,3,1,3,8,2,0,6,1,1,0,1,0,0,1,.260,.324,.425,.749,4,16,R,C.Anderson (38)
116,116,Aug 13 (1),,MIA,W9-1,39,33,9,11,5,0,1,8,4,1,7,1,0,1,1,1,1,0,.260,.325,.426,.751,6,12,R,P.Lopez (37)
117,117,Aug 13 (2),,MIA,W6-1,37,36,6,13,1,0,2,6,1,1,5,0,0,0,0,1,0,0,.261,.325,.427,.753,7,11,R,M.Gonzalez (39)
118,118,Aug 14,,MIA,W10-6,41,39,10,15,1,1,4,10,2,0,4,0,0,0,0,0,0,0,.262,.326,.431,.757,7,14,R,T.Richards (24)
119,119,Aug 15,,MIA,W5-2,35,31,5,8,2,0,1,5,1,0,5,2,0,1,0,0,2,0,.262,.326,.431,.757,6,14,R,J.Urena (50)
120,120,Aug 16,,COL,L3-5,33,31,3,6,2,0,1,3,1,0,11,1,0,0,0,2,2,0,.262,.325,.430,.755,3,13,R,J.Gray (63)
121,121,Aug 17,,COL,L5-11,42,34,5,9,1,0,0,5,7,0,12,0,0,1,0,1,0,0,.262,.326,.429,.755,10,13,L,K.Freeland (67)
122,122,Aug 18,,COL,L3-5,38,34,3,9,1,0,0,3,3,0,4,0,1,0,0,1,1,2,.262,.326,.428,.754,5,15,R,A.Senzatela (48)
123,123,Aug 19,,COL,L2-4,35,33,2,6,1,0,0,2,1,0,9,1,0,0,0,0,0,0,.261,.325,.426,.751,6,13,R,G.Marquez (63)
124,124,Aug 20,@,PIT,W1-0,37,33,1,10,4,0,0,1,2,0,5,2,0,0,0,2,0,2,.262,.326,.426,.752,9,16,R,C.Archer (50)
125,125,Aug 21,@,PIT,W6-1,39,35,6,8,1,0,2,5,3,0,6,1,0,0,0,0,0,0,.261,.325,.426,.752,6,12,R,I.Nova (60)
126,126,Aug 22,@,PIT,W2-1,35,29,2,3,0,0,1,2,5,1,8,0,0,1,0,0,1,0,.260,.325,.425,.749,6,12,R,T.Williams (66)
127,127,Aug 23,@,MIA,W5-0,42,37,5,12,2,0,3,5,4,0,6,1,0,0,0,2,0,0,.261,.325,.426,.752,10,12,R,E.Hernandez (41)
128,128,Aug 24,@,MIA,L0-1,31,29,0,3,2,0,0,0,2,0,6,0,0,0,0,1,0,0,.260,.324,.425,.749,4,14,R,D.Straily (69)
129,129,Aug 25,@,MIA,L1-3,38,36,1,9,1,0,1,1,2,0,13,0,0,0,1,0,0,0,.260,.324,.424,.748,10,13,L,W.Chen (68)
130,130,Aug 26,@,MIA,W4-0,43,34,4,9,2,0,0,2,6,2,7,1,1,1,1,1,1,0,.260,.325,.423,.748,12,16,R,P.Lopez (52)
131,131,Aug 28,,TBR,W9-5,39,32,9,12,2,0,2,7,4,0,5,0,2,1,1,1,0,1,.261,.325,.425,.750,6,17,R,R.Stanek (52)
132,132,Aug 29,,TBR,L5-8,41,37,5,11,0,0,1,5,4,0,7,0,0,0,0,0,0,0,.261,.326,.424,.750,9,15,R,D.Castillo (40)
133,133,Aug 30,,CHC,L4-5,37,34,4,9,1,1,0,4,1,1,9,1,0,1,0,0,0,1,.261,.325,.424,.749,6,13,L,M.Montgomery (36)
134,134,Aug 31,,PIT,L2-3,35,33,2,7,1,0,2,2,1,0,10,1,0,0,0,0,0,1,.260,.325,.424,.749,6,15,R,J.Taillon (65)
135,135,Sep 1,,PIT,W5-3,33,31,5,6,3,0,1,4,1,0,10,0,0,1,1,0,1,0,.260,.324,.424,.748,4,17,R,C.Archer (68)
136,136,Sep 2,,PIT,W5-1,35,32,5,9,1,0,1,3,1,0,7,0,2,0,2,0,1,0,.260,.324,.424,.748,6,15,R,N.Kingham (59)
137,137,Sep 3,,BOS,L2-8,42,34,2,8,0,0,1,2,6,0,7,1,0,1,0,0,1,0,.260,.324,.423,.747,13,16,R,N.Eovaldi (56)
138,138,Sep 4,,BOS,L1-5,36,31,1,4,1,0,1,1,3,0,11,2,0,0,1,1,0,0,.259,.324,.422,.746,8,17,R,R.Porcello (63)
139,139,Sep 5,,BOS,L8-9,44,35,8,10,1,2,2,8,8,1,10,1,0,0,0,1,0,0,.259,.325,.423,.748,9,21,R,H.Velazquez (43)
140,140,Sep 6,@,ARI,W7-6,47,42,7,11,2,0,2,5,4,0,7,1,0,0,1,0,1,0,.259,.325,.423,.748,10,20,R,Z.Greinke (40)
141,141,Sep 7,@,ARI,L3-5,38,37,3,9,3,0,1,3,1,0,13,0,0,0,1,0,1,0,.259,.325,.423,.748,8,17,L,P.Corbin (68)
142,142,Sep 8,@,ARI,W5-4,44,38,5,11,1,2,1,3,5,2,8,0,0,1,1,2,3,1,.259,.325,.424,.749,9,19,R,C.Buchholz (61)
143,143,Sep 9,@,ARI,W9-5,41,36,9,11,1,1,4,9,5,0,7,0,0,0,0,1,1,1,.260,.325,.426,.751,5,18,L,R.Ray (62)
144,144,Sep 10,@,SFG,W4-1,37,31,4,7,3,1,0,4,3,0,4,1,1,1,0,1,0,0,.260,.325,.426,.751,6,16,R,D.Rodriguez (58)
145,145,Sep 11,@,SFG,W4-1,40,33,4,9,2,1,1,4,5,1,5,0,1,1,2,2,0,0,.260,.325,.426,.752,9,10,L,A.Suarez (48)
146,146,Sep 12,@,SFG,W2-1,37,33,2,8,2,0,0,2,3,0,9,0,1,0,0,0,0,0,.260,.325,.425,.751,8,16,L,D.Holland (64)
147,147,Sep 14,,WSN,W10-5,44,36,10,13,4,1,0,9,5,1,10,2,0,1,0,0,0,0,.260,.326,.426,.752,10,16,R,M.Scherzer (27)
148,148,Sep 15,,WSN,L1-7,33,28,1,2,0,0,0,1,4,0,2,0,0,1,0,0,0,0,.259,.325,.424,.750,5,18,R,J.Hellickson (53)
149,149,Sep 16,,WSN,L4-6,37,35,4,8,1,0,2,4,2,0,7,0,0,0,0,0,0,0,.259,.325,.424,.749,6,19,R,T.Roark (51)
150,150,Sep 17,,STL,L6-11,43,36,6,10,1,0,1,5,5,0,11,1,0,1,0,0,0,0,.259,.325,.424,.749,10,16,R,M.Mikolas (56)
151,151,Sep 18,,STL,L1-8,40,35,1,7,2,0,1,1,5,1,12,0,0,0,1,0,1,0,.259,.325,.423,.749,12,16,L,A.Gomber (53)
152,152,Sep 19,,STL,W7-3,36,31,7,7,2,0,2,4,5,1,10,0,0,0,0,0,2,0,.259,.325,.424,.749,5,15,R,J.Flaherty (38)
153,153,Sep 20,,PHI,W8-3,39,29,8,10,3,0,0,7,6,0,7,1,0,3,0,1,3,1,.259,.326,.424,.750,7,16,R,V.Velasquez (39)
154,154,Sep 21,,PHI,W6-5,37,33,6,9,1,0,1,6,4,1,7,0,0,0,0,0,0,0,.259,.326,.424,.750,7,15,R,N.Pivetta (58)
155,155,Sep 22,,PHI,W5-3,35,28,5,6,0,0,0,5,6,1,6,0,1,0,0,0,2,1,.259,.326,.423,.749,6,13,R,J.Arrieta (31)
156,156,Sep 23,,PHI,W2-1,29,28,2,4,2,0,1,2,1,0,9,0,0,0,1,1,0,0,.258,.326,.422,.748,3,16,R,A.Nola (61)
157,157,Sep 25,@,NYM,W7-3,42,38,7,10,3,0,1,6,3,0,9,1,0,0,2,1,0,0,.258,.326,.422,.748,8,16,R,N.Syndergaard (69)
158,158,Sep 26,@,NYM,L0-3,28,28,0,2,0,0,0,0,0,0,11,0,0,0,0,1,1,0,.257,.325,.420,.745,1,14,R,J.deGrom (88)
159,159,Sep 27,@,NYM,L1-4,35,32,1,6,0,0,0,1,1,0,8,1,1,0,0,0,0,0,.257,.324,.419,.743,7,15,L,J.Vargas (77)
160,160,Sep 28,@,PHI,W10-2,48,44,10,19,5,0,1,9,3,0,13,0,1,0,1,0,1,1,.258,.325,.420,.746,11,17,R,J.Eickhoff (50)
161,161,Sep 29,@,PHI,L0-3,34,28,0,2,0,0,0,0,5,1,10,1,0,0,1,2,0,0,.257,.325,.419,.743,7,13,R,A.Nola (77)
162,162,Sep 30,@,PHI,L1-3,35,31,1,4,2,0,0,1,4,0,16,0,0,0,0,0,0,0,.257,.324,.417,.742,7,19,L,R.Suarez (56)