Rk,Gtm,Date,,Opp,Rslt,PA,AB,R,H,2B,3B,HR,RBI,BB,IBB,SO,HBP,SH,SF,ROE,GDP,SB,CS,BA,OBP,SLG,OPS,LOB,#,Thr,Opp. Starter (GmeSc)
1,1,Mar 29,,MIN,W3-2,40,34,3,5,1,1,1,3,5,2,13,0,1,0,0,1,1,0,.147,.256,.324,.580,7,11,R,J.Odorizzi (73)
2,2,Mar 31,,MIN,L2-6,37,30,2,3,1,0,1,2,7,0,11,0,0,0,0,0,0,0,.125,.263,.281,.544,8,11,R,K.Gibson (73)
3,3,Apr 1,,MIN,L0-7,31,30,0,3,1,0,0,0,1,0,6,0,0,0,0,0,0,0,.117,.224,.234,.458,4,9,R,J.Berrios (86)
4,4,Apr 2,@,HOU,L1-6,36,33,1,6,2,0,1,1,2,0,9,1,0,0,0,0,0,0,.134,.231,.260,.491,8,10,R,C.Morton (70)
5,5,Apr 3,@,HOU,L6-10,41,38,6,12,3,0,2,6,2,0,13,0,0,1,1,1,1,0,.176,.255,.327,.583,8,9,R,J.Verlander (51)
6,6,Apr 4,@,HOU,L2-3,39,35,2,8,1,0,0,1,4,0,10,0,0,0,1,1,1,0,.185,.265,.315,.580,10,11,L,D.Keuchel (50)
7,7,Apr 5,@,NYY,W5-2,37,36,5,10,2,0,1,5,1,0,13,0,0,0,0,0,1,0,.199,.269,.331,.600,5,10,R,M.Tanaka (56)
8,8,Apr 6,@,NYY,W7-3,61,51,7,9,0,0,4,7,8,0,16,1,1,0,2,1,0,0,.195,.275,.345,.620,12,12,L,C.Sabathia (45)
9,9,Apr 7,@,NYY,L3-8,36,34,3,6,3,0,0,3,2,0,10,0,0,0,1,0,0,0,.193,.270,.336,.606,6,9,R,S.Gray (54)
10,10,Apr 8,@,NYY,W8-7,54,50,8,16,1,0,2,8,4,0,15,0,0,0,0,2,2,0,.210,.283,.353,.636,10,10,L,J.Montgomery (29)
11,11,Apr 9,,TOR,L1-7,39,35,1,9,0,0,1,1,3,0,11,1,0,0,1,2,0,0,.214,.287,.352,.640,11,11,L,J.Happ (64)
12,12,Apr 10,,TOR,L1-2,33,27,1,3,2,0,0,1,5,1,4,1,0,0,0,2,0,1,.208,.286,.342,.628,5,10,R,A.Sanchez (71)
13,13,Apr 11,,TOR,W5-3,38,34,5,11,4,0,0,5,3,0,11,0,0,1,0,0,0,0,.216,.292,.349,.641,9,10,R,M.Estrada (36)
14,14,Apr 13,@,BOS,L3-7,37,34,3,9,1,0,0,3,2,0,12,0,0,1,0,0,0,0,.220,.293,.345,.638,7,12,L,E.Rodriguez (64)
15,15,Apr 14,@,BOS,L3-10,35,34,3,9,3,0,1,3,1,0,9,0,0,0,0,2,0,0,.222,.292,.351,.644,5,11,R,H.Velazquez (51)
16,16,Apr 15,@,BOS,L1-3,33,30,1,3,1,0,0,1,3,0,14,0,0,0,0,0,1,0,.216,.286,.340,.626,5,11,L,C.Sale (65)
17,17,Apr 17,@,DET,L2-4,36,31,2,6,0,0,1,2,5,0,12,0,0,0,0,1,0,0,.215,.287,.337,.625,7,12,L,F.Liriano (53)
18,18,Apr 18,@,DET,L5-6,38,33,5,7,2,0,2,5,4,0,10,0,0,1,0,0,0,0,.215,.288,.343,.631,6,12,L,M.Boyd (68)
19,19,Apr 19,@,DET,L8-13,42,39,8,14,6,0,3,8,3,0,11,0,0,0,0,1,0,0,.223,.294,.367,.661,7,9,R,J.Zimmermann (43)
20,20,Apr 20,,CLE,W3-1,33,29,3,6,3,0,1,3,3,1,6,1,0,0,0,1,0,0,.222,.295,.369,.663,6,10,R,T.Bauer (58)
21,21,Apr 21,,CLE,L0-4,31,29,0,2,0,0,0,0,2,0,3,0,0,0,1,1,0,0,.216,.288,.357,.645,4,9,R,M.Clevinger (84)
22,22,Apr 22,,CLE,L3-7,32,32,3,6,1,0,2,3,0,0,7,0,0,0,0,1,0,0,.215,.284,.359,.643,2,10,R,C.Kluber (57)
23,23,Apr 23,,CLE,L1-2,34,32,1,7,1,0,0,1,2,1,11,0,0,0,0,0,1,0,.215,.284,.354,.638,6,11,R,C.Carrasco (67)
24,24,Apr 25,,TBR,L4-8,35,32,4,5,4,0,1,4,3,0,10,0,0,0,0,0,0,0,.213,.281,.355,.637,4,9,R,J.Faria (41)
25,25,Apr 26,,TBR,L5-9,42,39,5,16,1,0,2,5,1,0,9,2,0,0,0,4,1,0,.222,.289,.366,.655,10,10,R,C.Archer (36)
26,26,Apr 27,,DET,W6-0,33,32,6,8,2,0,3,6,1,1,5,0,0,0,0,0,1,0,.223,.288,.374,.663,3,10,R,M.Fiers (56)
27,27,Apr 28,,DET,L5-9,39,33,5,8,1,1,0,5,5,0,4,1,0,0,0,1,0,0,.224,.291,.373,.664,7,12,L,F.Liriano (48)
28,28,Apr 29,,DET,W5-3,38,32,5,8,1,0,3,5,5,0,9,1,0,0,0,0,2,1,.224,.294,.379,.673,9,9,L,D.Norris (39)
29,29,May 1,@,LAA,L2-3,33,31,2,4,2,0,0,2,2,0,6,0,0,0,0,0,0,0,.221,.291,.373,.664,4,10,R,N.Tropeano (74)
30,30,May 2,@,LAA,L7-10,40,34,7,10,0,2,0,7,4,0,6,0,0,2,0,1,0,0,.224,.293,.374,.667,6,12,L,A.Heaney (59)
31,31,May 3,@,LAA,L3-12,36,34,3,8,0,0,0,3,2,0,5,0,0,0,1,2,0,0,.224,.292,.370,.662,6,12,R,J.Barria (56)
32,32,May 4,@,OAK,L4-6,37,35,4,9,2,0,1,4,2,1,11,0,0,0,0,1,0,0,.225,.292,.371,.663,6,10,R,D.Mengden (61)
33,33,May 5,@,OAK,L0-2,47,41,0,7,3,0,0,0,5,1,20,1,0,0,0,0,1,2,.223,.292,.366,.658,11,11,R,T.Cahill (75)
34,34,May 6,@,OAK,L1-2,31,29,1,3,0,0,1,1,1,1,9,0,1,0,0,0,0,0,.220,.288,.362,.650,3,10,R,A.Triggs (78)
35,35,May 8,,KCR,L7-15,45,40,7,14,1,0,3,7,4,0,8,0,0,1,0,0,0,0,.225,.292,.370,.662,11,11,L,D.Duffy (55)
36,36,May 9,,KCR,W5-3,34,32,5,9,1,0,1,5,2,0,3,0,0,0,0,1,0,0,.226,.293,.371,.664,5,10,L,E.Skoglund (53)
37,37,May 10,,KCR,W11-6,40,37,11,14,4,0,3,11,3,0,6,0,0,0,0,1,0,0,.231,.296,.382,.678,5,11,R,I.Kennedy (12)
38,38,May 11,,TBR,W9-4,35,33,9,10,1,0,4,9,1,0,6,1,0,0,0,1,0,0,.232,.298,.390,.687,2,10,R,J.Faria (30)
39,39,May 12 (1),,TBR,W6-3,34,31,6,7,2,0,3,4,3,0,5,0,0,0,0,0,2,0,.232,.297,.394,.691,4,10,R,C.Archer (40)
40,40,May 12 (2),,TBR,L3-10,32,30,3,4,2,0,1,3,2,0,7,0,0,0,0,0,0,0,.230,.295,.392,.687,2,9,R,M.Andriese (54)
41,41,May 13,,TBR,W17-1,49,44,17,19,3,1,4,17,5,0,5,0,0,0,1,0,0,0,.236,.301,.405,.707,8,11,L,B.Snell (29)
42,42,May 16,,PHI,L1-4,33,31,1,4,2,0,1,1,2,0,13,0,0,0,0,0,0,0,.234,.299,.403,.702,5,10,R,N.Pivetta (79)
43,43,May 17,@,BOS,L2-6,31,31,2,5,1,0,1,2,0,0,8,0,0,0,0,0,0,0,.232,.296,.400,.697,2,9,L,D.Price (77)
44,44,May 18,@,BOS,W7-4,42,37,7,10,5,0,1,7,5,0,8,0,0,0,0,0,0,0,.233,.298,.403,.700,8,11,L,D.Pomeranz (29)
45,45,May 19,@,BOS,L3-6,36,32,3,6,1,0,1,3,3,0,13,0,0,1,0,0,0,0,.232,.297,.401,.697,6,9,R,R.Porcello (54)
46,46,May 20,@,BOS,L0-5,41,41,0,13,1,0,0,0,0,0,10,0,0,0,1,0,0,0,.235,.297,.399,.696,14,10,L,E.Rodriguez (58)
47,47,May 21,@,CHW,W3-2,34,31,3,5,0,0,3,3,3,1,12,0,0,0,0,1,1,0,.233,.296,.400,.696,4,11,L,H.Santiago (55)
48,48,May 22,@,CHW,L2-3,36,32,2,7,3,0,0,2,3,0,9,1,0,0,0,1,0,0,.233,.296,.398,.695,7,11,R,J.Shields (62)
49,49,May 23,@,CHW,L1-11,35,34,1,6,0,0,0,1,1,0,9,0,0,0,1,0,0,0,.232,.294,.394,.688,7,11,R,D.Covey (68)
50,50,May 24,@,CHW,W9-3,47,39,9,12,0,0,2,9,7,0,8,1,0,0,1,1,1,0,.234,.298,.395,.693,11,10,R,L.Giolito (11)
51,51,May 25,@,TBR,W2-0,35,35,2,9,1,0,1,2,0,0,9,0,0,0,0,2,0,0,.234,.297,.395,.692,6,9,R,S.Romo (45)
52,52,May 26,@,TBR,L1-5,31,30,1,3,1,1,0,1,1,0,11,0,0,0,0,0,0,0,.232,.294,.392,.686,3,9,R,R.Stanek (58)
53,53,May 27,@,TBR,L3-8,39,33,3,8,2,0,0,3,5,1,6,0,0,1,0,1,0,0,.232,.295,.390,.685,9,9,R,S.Romo (34)
54,54,May 28,,WSN,L0-6,33,31,0,7,1,0,0,0,2,0,3,0,0,0,0,3,0,0,.232,.295,.388,.682,6,9,L,G.Gonzalez (68)
55,55,May 29,,WSN,L2-3,36,33,2,9,1,0,1,2,0,0,9,3,0,0,0,2,0,0,.233,.295,.388,.683,7,12,R,J.Hellickson (50)
56,56,May 30,,WSN,L0-2,31,30,0,4,1,0,0,0,1,0,12,0,0,0,0,0,0,1,.231,.293,.384,.678,4,10,R,M.Scherzer (89)
57,57,Jun 1,,NYY,L1-4,36,31,1,5,2,0,1,1,3,0,12,2,0,0,0,1,0,0,.230,.293,.384,.677,8,12,R,S.Gray (66)
58,58,Jun 2,,NYY,L5-8,39,37,5,11,3,0,3,5,2,0,12,0,0,0,0,1,0,0,.231,.294,.388,.682,7,9,R,M.Tanaka (42)
59,59,Jun 5,@,NYM,W2-1,33,29,2,6,0,0,0,2,2,0,7,0,1,1,0,2,1,0,.231,.293,.385,.678,4,14,L,J.Vargas (52)
60,60,Jun 6,@,NYM,W1-0,34,29,1,5,0,0,0,1,1,0,7,3,0,1,0,1,1,0,.230,.293,.382,.675,6,15,R,Z.Wheeler (75)
61,61,Jun 7,@,TOR,L4-5,40,36,4,7,1,0,3,4,3,1,11,0,0,1,0,0,0,0,.229,.292,.384,.676,6,10,L,J.Garcia (63)
62,62,Jun 8,@,TOR,L1-5,33,31,1,5,1,0,0,0,2,0,3,0,0,0,0,0,1,0,.228,.291,.381,.672,5,10,L,J.Happ (72)
63,63,Jun 9,@,TOR,L3-4,46,38,3,8,1,0,0,2,7,1,9,1,0,0,1,1,1,0,.228,.292,.379,.670,13,10,R,A.Sanchez (54)
64,64,Jun 10,@,TOR,L3-13,36,33,3,7,1,0,2,3,2,0,12,1,0,0,0,1,1,0,.228,.292,.379,.671,6,11,R,M.Estrada (64)
65,65,Jun 11,,BOS,L0-2,49,41,0,5,1,0,0,0,7,0,14,1,0,0,0,0,2,0,.226,.291,.375,.666,13,11,R,S.Wright (68)
66,66,Jun 12,,BOS,L4-6,44,38,4,11,1,0,1,4,6,0,8,0,0,0,1,1,0,0,.227,.293,.375,.668,13,11,L,E.Rodriguez (47)
67,67,Jun 13,,BOS,L1-5,37,30,1,4,1,0,0,1,5,0,9,1,0,1,0,0,1,0,.226,.293,.372,.665,9,10,L,C.Sale (69)
68,68,Jun 15,,MIA,L0-2,30,28,0,3,0,0,0,0,1,0,6,1,0,0,0,2,0,0,.224,.291,.369,.660,3,9,R,J.Urena (79)
69,69,Jun 16,,MIA,L4-5,39,36,4,11,2,0,1,4,3,0,5,0,0,0,0,2,0,0,.225,.292,.370,.662,8,11,L,W.Chen (45)
70,70,Jun 17,,MIA,W10-4,40,38,10,14,4,0,2,10,2,0,7,0,0,0,0,0,0,0,.228,.294,.375,.668,6,10,R,T.Richards (19)
71,71,Jun 19,@,WSN,L7-9,38,32,7,7,1,1,3,6,5,0,6,1,0,0,0,1,0,1,.228,.294,.377,.672,4,16,R,J.Rodriguez (42)
72,72,Jun 20,@,WSN,W3-0,34,33,3,8,2,1,1,3,0,0,8,0,0,1,0,1,1,0,.228,.294,.379,.672,4,16,L,G.Gonzalez (46)
73,73,Jun 21,@,WSN,L2-4,33,32,2,5,2,0,2,2,1,0,9,0,0,0,0,0,0,0,.227,.292,.379,.671,4,12,R,M.Scherzer (67)
74,74,Jun 22,@,ATL,W10-7,62,54,10,15,2,0,2,10,5,1,11,1,1,1,0,2,1,1,.228,.293,.380,.673,7,21,L,S.Newcomb (64)
75,75,Jun 23,@,ATL,W7-5,37,34,7,7,2,1,1,7,3,0,12,0,0,0,0,0,0,0,.228,.293,.380,.673,3,13,R,J.Teheran (27)
76,76,Jun 24,@,ATL,L3-7,33,31,3,6,1,0,2,3,1,0,5,1,0,0,0,2,0,0,.227,.293,.381,.673,3,13,R,B.McCarthy (50)
77,77,Jun 25,,SEA,L3-5,35,31,3,4,0,0,1,3,3,0,8,1,0,0,0,0,0,0,.226,.292,.379,.671,5,10,R,F.Hernandez (53)
78,78,Jun 26,,SEA,L2-3,33,32,2,8,1,0,1,1,1,0,11,0,0,0,0,1,0,1,.226,.292,.379,.670,4,12,L,J.Paxton (66)
79,79,Jun 27,,SEA,L7-8,45,45,7,13,1,0,2,6,0,0,5,0,0,0,0,0,0,0,.227,.292,.380,.672,5,12,L,W.LeBlanc (43)
80,80,Jun 28,,SEA,L2-4,38,35,2,6,0,0,2,2,3,1,8,0,0,0,0,1,1,0,.227,.291,.380,.670,6,9,R,M.Leake (64)
81,81,Jun 29,,LAA,L1-7,32,31,1,7,1,0,0,1,1,0,9,0,0,0,0,3,0,0,.227,.290,.378,.669,4,9,R,F.Pena (62)
82,82,Jun 30,,LAA,L2-6,36,33,2,6,0,0,0,2,2,0,7,0,0,1,2,0,0,0,.226,.290,.376,.665,7,11,L,T.Skaggs (58)
83,83,Jul 1,,LAA,W8-2,34,32,8,10,2,0,4,8,2,0,8,0,0,0,0,2,0,0,.227,.290,.380,.670,2,11,R,D.McGuire (32)
84,84,Jul 3,@,PHI,L2-3,36,34,2,7,2,0,1,1,2,0,9,0,0,0,0,0,1,0,.227,.290,.380,.670,7,13,R,Z.Eflin (65)
85,85,Jul 4,@,PHI,L1-4,37,33,1,7,2,0,0,1,3,0,12,1,0,0,0,0,1,1,.227,.290,.379,.668,9,13,R,A.Nola (66)
86,86,Jul 5,@,MIN,L2-5,34,31,2,5,2,0,2,2,2,1,6,1,0,0,0,1,0,0,.226,.289,.379,.668,5,10,R,A.Slegers (63)
87,87,Jul 6,@,MIN,L2-6,39,37,2,11,0,0,0,1,2,0,4,0,0,0,1,1,0,0,.227,.290,.378,.668,10,9,R,L.Lynn (57)
88,88,Jul 7,@,MIN,L4-5,37,33,4,7,4,0,1,4,4,0,11,0,0,0,0,1,1,0,.227,.290,.378,.668,6,9,R,K.Gibson (62)
89,89,Jul 8,@,MIN,L1-10,34,33,1,7,2,0,1,1,1,0,6,0,0,0,0,1,0,0,.227,.289,.378,.668,6,12,R,J.Odorizzi (66)
90,90,Jul 9 (1),,NYY,W5-4,36,32,5,10,4,0,2,5,4,0,8,0,0,0,0,2,1,0,.228,.290,.381,.671,7,10,L,C.Sabathia (34)
91,91,Jul 9 (2),,NYY,L2-10,33,28,2,5,1,0,1,2,5,0,4,0,0,0,0,3,0,1,.227,.291,.380,.671,4,10,R,L.Cessa (67)
92,92,Jul 10,,NYY,W6-5,41,37,6,10,3,0,2,6,3,1,9,1,0,0,1,0,0,0,.228,.291,.382,.673,9,9,R,M.Tanaka (42)
93,93,Jul 11,,NYY,L0-9,33,32,0,5,2,0,0,0,1,0,12,0,0,0,0,0,0,0,.227,.290,.380,.670,6,11,R,S.Gray (73)
94,94,Jul 12,,PHI,L4-5,35,34,4,7,1,0,2,4,1,0,9,0,0,0,2,2,0,0,.227,.290,.381,.670,4,9,R,N.Pivetta (58)
95,95,Jul 13,,TEX,L4-5,38,34,4,9,2,0,0,4,2,0,7,1,0,1,0,1,2,0,.227,.290,.380,.670,7,10,L,C.Hamels (49)
96,96,Jul 14,,TEX,W1-0,30,27,1,6,1,0,0,1,2,0,5,0,0,1,1,3,1,0,.227,.290,.379,.669,5,11,L,M.Perez (65)
97,97,Jul 15,,TEX,W6-5,35,32,6,7,3,0,1,5,3,0,3,0,0,0,1,0,1,0,.227,.290,.379,.669,5,10,L,M.Minor (27)
98,98,Jul 20,@,TOR,L7-8,42,40,7,10,2,0,4,6,1,0,13,1,0,0,0,0,0,0,.227,.290,.382,.671,5,9,R,S.Gaviglio (56)
99,99,Jul 21,@,TOR,L1-4,33,30,1,5,1,0,0,1,2,0,9,1,0,0,0,1,0,0,.227,.289,.380,.669,5,9,R,M.Stroman (68)
100,100,Jul 22,@,TOR,L4-5,39,37,4,10,4,0,1,4,1,0,15,1,0,0,0,0,0,0,.227,.289,.381,.670,8,9,L,J.Happ (64)
101,101,Jul 23,,BOS,L3-5,36,35,3,11,3,0,1,3,1,0,9,0,0,0,0,1,0,0,.228,.290,.382,.672,6,9,R,R.Porcello (65)
102,102,Jul 24,,BOS,W7-6,37,31,7,9,0,0,2,7,5,0,5,0,0,1,0,0,1,1,.229,.291,.383,.674,6,11,L,D.Pomeranz (38)
103,103,Jul 26,,TBR,L3-4,38,35,3,9,2,0,2,3,3,0,7,0,0,0,0,1,0,0,.229,.291,.384,.675,8,9,R,H.Wood (55)
104,104,Jul 27,,TBR,W15-5,47,39,15,15,2,0,2,13,8,0,4,0,0,0,1,1,0,0,.231,.293,.386,.680,8,12,R,C.Archer (45)
105,105,Jul 28,,TBR,W11-2,41,35,11,15,3,0,2,11,5,0,3,0,0,1,0,3,0,0,.233,.295,.389,.685,6,10,R,R.Stanek (39)
106,106,Jul 29,,TBR,W11-5,44,39,11,15,1,0,4,11,4,0,9,1,0,0,1,1,1,0,.234,.297,.393,.690,9,9,R,Y.Chirinos (34)
107,107,Jul 31,@,NYY,L3-6,36,32,3,6,2,0,0,2,3,0,15,1,0,0,0,1,0,0,.234,.297,.392,.688,6,9,R,M.Tanaka (72)
108,108,Aug 1,@,NYY,W7-5,42,40,7,15,2,0,1,7,2,0,9,0,0,0,0,0,0,0,.235,.298,.393,.691,8,10,R,S.Gray (15)
109,109,Aug 2,@,TEX,L8-17,43,40,8,14,1,0,3,8,2,0,6,0,1,0,0,0,0,0,.237,.299,.395,.694,8,11,R,Y.Gallardo (32)
110,110,Aug 3,@,TEX,L3-11,37,35,3,10,3,0,0,3,2,0,8,0,0,0,1,2,0,0,.237,.299,.395,.694,7,9,R,A.Jurado (48)
111,111,Aug 4,@,TEX,L1-3,31,31,1,5,1,0,0,1,0,0,7,0,0,0,0,1,0,0,.236,.298,.393,.691,3,9,L,M.Minor (71)
112,112,Aug 5,@,TEX,W9-6,38,34,9,11,1,0,4,9,3,0,5,0,1,0,0,1,1,0,.237,.299,.396,.695,2,10,R,D.Hutchison (20)
113,113,Aug 7,@,TBR,L3-4,34,32,3,7,2,0,2,3,1,0,13,1,0,0,0,2,1,0,.237,.298,.397,.695,4,9,R,T.Glasnow (63)
114,114,Aug 8,@,TBR,W5-4,36,34,5,7,1,0,3,5,2,0,9,0,0,0,0,0,1,0,.237,.298,.397,.696,4,11,R,R.Stanek (48)
115,115,Aug 9,@,TBR,L4-5,33,32,4,8,1,1,1,4,1,0,8,0,0,0,0,3,0,0,.237,.298,.398,.696,2,9,R,H.Wood (34)
116,116,Aug 10,,BOS,L12-19,47,41,12,17,3,0,3,11,4,0,10,0,1,1,1,1,1,1,.239,.300,.401,.701,8,10,R,N.Eovaldi (12)
117,117,Aug 11 (1),,BOS,L0-5,32,32,0,5,1,0,0,0,0,0,14,0,0,0,0,0,0,0,.238,.299,.399,.698,5,9,L,D.Price (72)
118,118,Aug 11 (2),,BOS,L4-6,41,32,4,7,1,0,2,4,8,0,4,1,0,0,0,0,1,2,.238,.299,.400,.699,10,11,R,H.Velazquez (45)
119,119,Aug 12,,BOS,L1-4,37,31,1,5,0,0,0,1,5,0,18,0,0,1,0,0,0,0,.237,.299,.398,.697,9,10,L,C.Sale (77)
120,120,Aug 14,,NYM,W6-3,37,30,6,11,2,0,3,6,5,0,2,0,1,1,0,2,0,0,.238,.300,.400,.700,7,10,L,J.Vargas (52)
121,121,Aug 15,,NYM,L5-16,42,38,5,12,2,0,1,5,3,0,7,1,0,0,0,1,0,0,.239,.301,.401,.702,10,11,R,Z.Wheeler (54)
122,122,Aug 17,@,CLE,L1-2,35,32,1,4,0,0,0,1,3,0,9,0,0,0,1,0,1,0,.238,.300,.399,.699,7,10,R,C.Carrasco (76)
123,123,Aug 18,@,CLE,W4-2,34,32,4,5,1,0,2,4,2,0,9,0,0,0,0,0,1,0,.237,.300,.398,.698,3,11,R,A.Plutko (64)
124,124,Aug 19,@,CLE,L0-8,34,32,0,9,2,0,0,0,1,0,10,1,0,0,0,3,0,0,.238,.300,.398,.698,7,11,R,M.Clevinger (64)
125,125,Aug 20,@,TOR,L3-5,38,34,3,8,2,0,1,3,3,0,7,0,0,1,0,0,2,0,.238,.300,.398,.697,8,9,R,M.Estrada (43)
126,126,Aug 21,@,TOR,L2-8,36,34,2,7,0,0,1,2,2,0,9,0,0,0,0,0,0,0,.237,.299,.397,.696,7,9,R,S.Gaviglio (63)
127,127,Aug 22,@,TOR,L0-6,33,29,0,2,0,0,0,0,3,0,8,1,0,0,1,0,1,0,.236,.298,.395,.693,6,9,L,T.Pannone (76)
128,128,Aug 24,,NYY,L5-7,42,40,5,10,0,0,2,5,2,0,13,0,0,0,1,1,0,0,.236,.298,.395,.693,7,9,L,C.Sabathia (60)
129,129,Aug 25 (1),,NYY,L3-10,38,36,3,8,1,0,0,3,2,0,11,0,0,0,1,0,0,0,.236,.298,.394,.692,8,10,L,J.Happ (62)
130,130,Aug 25 (2),,NYY,L1-5,36,34,1,7,3,0,0,1,2,0,11,0,0,0,0,0,0,0,.236,.298,.393,.691,8,9,R,S.Gray (73)
131,131,Aug 26,,NYY,L3-5,38,34,3,7,0,0,1,3,3,0,12,0,0,1,1,0,4,0,.236,.297,.392,.690,8,9,R,L.Severino (57)
132,132,Aug 27,,TOR,W7-0,37,33,7,11,2,0,1,7,3,1,3,0,1,0,0,1,2,0,.237,.298,.393,.691,6,9,R,S.Gaviglio (39)
133,133,Aug 28,,TOR,W12-5,42,38,12,17,2,1,2,12,1,0,2,2,0,1,0,1,1,0,.238,.300,.395,.695,6,10,L,T.Pannone (13)
134,134,Aug 29,,TOR,W10-5,42,39,10,13,2,0,2,7,1,0,5,1,1,0,4,0,2,1,.239,.300,.397,.697,8,9,L,R.Borucki (30)
135,135,Aug 31,@,KCR,L2-9,33,30,2,4,1,0,1,2,2,0,4,0,0,1,1,1,0,0,.238,.299,.396,.695,4,9,R,B.Keller (68)
136,136,Sep 1,@,KCR,L4-5,38,36,4,13,1,0,2,4,1,0,7,0,0,1,0,2,1,0,.239,.300,.397,.697,7,9,R,H.Fillmyer (56)
137,137,Sep 2,@,KCR,L1-9,31,31,1,6,0,0,1,1,0,0,10,0,0,0,0,1,1,0,.239,.299,.396,.696,3,10,R,J.Lopez (71)
138,138,Sep 3,@,SEA,L1-2,30,30,1,3,0,0,1,1,0,0,12,0,0,0,1,1,0,0,.238,.298,.395,.693,2,9,R,E.Ramirez (65)
139,139,Sep 4,@,SEA,W5-3,42,39,5,15,1,0,1,4,2,0,7,0,1,0,0,1,0,0,.239,.299,.396,.695,10,11,L,W.LeBlanc (63)
140,140,Sep 5,@,SEA,L2-5,39,38,2,8,2,0,0,0,0,0,8,1,0,0,3,0,1,0,.239,.299,.395,.693,10,9,R,M.Leake (58)
141,141,Sep 7,@,TBR,L2-14,32,32,2,6,0,0,1,2,0,0,15,0,0,0,0,1,0,0,.239,.298,.394,.692,3,12,L,B.Snell (59)
142,142,Sep 8,@,TBR,L5-10,38,34,5,11,1,0,1,5,3,0,10,1,0,0,0,2,3,1,.239,.299,.394,.693,6,10,R,D.Castillo (51)
143,143,Sep 9,@,TBR,L3-8,37,33,3,9,2,1,0,3,3,0,10,0,0,1,0,0,0,1,.240,.299,.394,.693,7,10,R,R.Stanek (48)
144,144,Sep 11,,OAK,L2-3,33,32,2,6,0,0,1,2,1,0,11,0,0,0,0,1,2,0,.239,.298,.394,.692,4,11,R,M.Fiers (66)
145,145,Sep 12,,OAK,L0-10,29,28,0,1,0,0,0,0,1,0,5,0,0,0,1,1,0,0,.238,.297,.392,.689,2,14,R,L.Hendriks (51)
146,146,Sep 13,,OAK,W5-3,34,32,5,12,1,0,0,5,2,0,5,0,0,0,0,0,0,1,.239,.298,.392,.689,5,11,L,B.Anderson (31)
147,147,Sep 14,,CHW,L6-8,39,34,6,8,2,0,2,6,4,0,10,0,0,1,1,1,0,0,.239,.298,.392,.690,6,12,R,J.Shields (60)
148,148,Sep 15,,CHW,L0-2,34,31,0,5,0,0,0,0,3,0,6,0,0,0,0,1,0,0,.239,.297,.391,.688,7,10,R,R.Lopez (74)
149,149,Sep 16,,CHW,W8-4,40,33,8,11,2,0,2,7,3,0,4,2,1,1,1,3,2,0,.239,.298,.392,.690,8,11,R,L.Giolito (35)
150,150,Sep 17,,TOR,L0-5,30,29,0,3,0,0,0,0,1,0,10,0,0,0,0,1,2,0,.238,.297,.390,.688,3,9,L,R.Borucki (82)
151,151,Sep 18,,TOR,L4-6,36,30,4,6,0,1,1,2,3,0,5,2,0,1,0,1,2,1,.238,.297,.390,.688,5,10,R,A.Sanchez (40)
152,152,Sep 19,,TOR,W2-1,32,31,2,6,1,0,1,2,1,0,7,0,0,0,1,0,0,0,.238,.297,.390,.687,6,10,R,M.Estrada (64)
153,153,Sep 21,@,NYY,L8-10,43,39,8,13,0,0,3,8,4,0,8,0,0,0,0,1,2,0,.239,.298,.391,.689,8,10,L,C.Sabathia (54)
154,154,Sep 22,@,NYY,L2-3,47,43,2,12,3,0,0,2,4,1,13,0,0,0,1,0,2,1,.239,.298,.391,.689,12,12,R,L.Lynn (49)
155,155,Sep 23,@,NYY,W6-3,40,37,6,12,5,1,3,6,2,0,11,0,0,1,0,0,0,1,.240,.298,.393,.692,7,12,L,J.Happ (58)
156,156,Sep 24,@,BOS,L2-6,34,31,2,7,0,0,0,1,2,0,13,0,0,1,0,1,0,0,.240,.298,.392,.691,5,11,R,N.Eovaldi (65)
157,157,Sep 26 (1),@,BOS,L3-19,37,34,3,8,2,0,2,3,3,0,9,0,0,0,0,0,1,0,.239,.298,.393,.691,7,14,L,D.Price (46)
158,158,Sep 26 (2),@,BOS,W10-3,46,37,10,10,3,1,0,9,5,0,14,3,0,1,1,0,3,0,.240,.299,.393,.692,9,11,L,C.Sale (51)
159,159,Sep 28,,HOU,L1-2,33,32,1,6,2,0,0,1,1,0,7,0,0,0,0,0,0,1,.239,.298,.392,.690,5,11,R,G.Cole (61)
160,160,Sep 29 (1),,HOU,L3-4,34,32,3,7,2,0,1,3,2,0,11,0,0,0,0,1,0,0,.239,.298,.392,.690,4,10,R,J.Verlander (75)
161,161,Sep 29 (2),,HOU,L2-5,35,30,2,6,0,0,0,1,5,0,7,0,0,0,0,2,0,0,.239,.298,.391,.689,6,12,L,D.Keuchel (46)
162,162,Sep 30,,HOU,W4-0,33,31,4,8,4,0,0,3,1,0,10,1,0,0,0,1,2,0,.239,.298,.391,.689,5,11,R,C.Morton (60)