Rk,Gtm,Date,,Opp,Rslt,PA,AB,R,H,2B,3B,HR,RBI,BB,IBB,SO,HBP,SH,SF,ROE,GDP,SB,CS,BA,OBP,SLG,OPS,LOB,#,Thr,Opp. Starter (GmeSc)
1,1,Mar 29,@,MIA,W8-4,44,35,8,9,4,0,3,8,5,2,10,3,0,0,0,1,1,0,.257,.395,.629,1.024,9,16,R,J.Urena (28)
2,2,Mar 30,@,MIA,L1-2,67,58,1,8,2,0,1,1,8,1,20,1,0,0,0,1,0,0,.183,.309,.376,.685,15,18,L,C.Smith (61)
3,3,Mar 31,@,MIA,W10-6,48,41,10,13,4,0,1,9,5,0,11,0,1,1,0,1,0,0,.224,.331,.410,.742,8,18,R,O.Despaigne (41)
4,4,Apr 1,@,MIA,L0-6,37,35,0,8,2,0,0,0,1,0,6,1,0,0,0,0,0,0,.225,.320,.385,.704,10,12,L,D.Peters (61)
5,5,Apr 2,@,CIN,L0-1,33,27,0,2,0,1,0,0,5,0,11,1,0,0,0,1,0,1,.204,.308,.352,.660,6,12,R,T.Mahle (75)
6,6,Apr 5,@,MIL,W8-0,47,42,8,13,2,1,1,7,4,2,9,1,0,0,2,0,1,0,.223,.321,.374,.695,12,15,L,B.Suter (35)
7,7,Apr 6,@,MIL,L4-5,39,34,4,7,1,1,0,3,4,1,9,1,0,0,0,0,1,0,.221,.319,.364,.683,8,18,R,B.Woodruff (46)
8,8,Apr 7,@,MIL,W5-2,41,33,5,8,1,1,1,5,7,1,9,0,1,0,1,1,0,1,.223,.326,.370,.696,9,17,R,Z.Davies (65)
9,9,Apr 8,@,MIL,W3-0,36,32,3,7,2,1,1,2,2,0,8,1,1,0,1,1,0,0,.223,.322,.377,.699,6,14,R,C.Anderson (56)
10,10,Apr 10,,PIT,L5-8,39,36,5,10,1,0,2,5,2,0,8,1,0,0,0,0,0,0,.228,.323,.386,.709,7,15,R,I.Nova (57)
11,11,Apr 11,,PIT,W13-5,44,41,13,16,7,0,3,12,2,1,5,1,0,0,0,1,1,0,.244,.333,.425,.758,7,14,L,S.Brault (38)
12,12,Apr 12,,PIT,L1-6,35,33,1,7,2,0,1,1,1,0,6,1,0,0,0,0,0,0,.242,.328,.421,.749,7,14,R,T.Williams (64)
13,13,Apr 13,,ATL,L0-4,32,30,0,4,1,0,0,0,1,0,9,1,0,0,0,1,0,0,.235,.320,.405,.724,5,16,R,A.Sanchez (71)
14,14,Apr 14,,ATL,W14-10,47,35,14,10,2,1,1,12,10,1,12,2,0,0,1,0,0,0,.238,.332,.410,.742,9,16,L,S.Newcomb (49)
15,15,Apr 17,,STL,L3-5,41,32,3,6,1,0,1,3,6,0,9,2,1,0,0,0,0,0,.235,.333,.404,.737,11,17,R,A.Wainwright (58)
16,16,Apr 19,,STL,W8-5,42,35,8,14,0,1,1,8,3,0,6,2,1,1,0,1,0,0,.245,.341,.413,.754,10,15,R,L.Weaver (22)
17,17,Apr 20,@,COL,W16-5,49,44,16,18,4,1,2,14,5,0,4,0,0,0,1,2,0,0,.257,.350,.432,.781,6,12,R,J.Gray (23)
18,18,Apr 21,@,COL,L2-5,33,31,2,6,3,0,0,2,2,0,7,0,0,0,0,0,0,1,.254,.345,.425,.770,4,15,L,T.Anderson (56)
19,19,Apr 22,@,COL,W9-7,47,40,9,13,1,0,1,9,4,0,15,2,1,0,0,0,0,0,.258,.349,.425,.774,11,16,R,G.Marquez (24)
20,20,Apr 24,@,CLE,W10-3,43,42,10,15,4,0,4,10,1,0,9,0,0,0,0,0,0,0,.264,.350,.443,.793,6,9,R,J.Tomlin (30)
21,21,Apr 25,@,CLE,L1-4,37,33,1,5,1,0,0,1,3,0,11,1,0,0,1,0,0,0,.259,.346,.432,.777,9,10,R,T.Bauer (67)
22,22,Apr 26,,MIL,W1-0,29,28,1,7,0,0,1,1,1,0,3,0,0,0,0,1,0,2,.258,.343,.429,.772,4,13,R,C.Anderson (64)
23,23,Apr 27,,MIL,W3-2,33,30,3,7,2,0,0,2,1,0,6,0,2,0,1,0,1,0,.258,.340,.424,.765,6,15,L,B.Suter (51)
24,24,Apr 28,,MIL,W3-0,33,28,3,6,2,0,0,3,2,0,9,1,2,0,0,0,1,0,.256,.339,.420,.759,6,14,R,J.Guerra (66)
25,25,Apr 29,,MIL,W2-0,32,28,2,5,1,1,0,2,2,1,5,1,0,1,0,0,0,0,.254,.336,.416,.752,6,13,R,Z.Davies (52)
26,26,Apr 30,,COL,W3-2,31,29,3,6,1,1,0,3,2,0,7,0,0,0,1,2,0,0,.252,.334,.412,.746,4,14,L,K.Freeland (57)
27,27,May 1,,COL,L1-3,32,30,1,3,0,1,1,1,2,0,9,0,0,0,0,0,0,0,.247,.328,.408,.736,4,11,R,J.Gray (72)
28,28,May 2,,COL,L2-11,33,31,2,4,1,0,2,2,2,0,10,0,0,0,1,1,0,0,.244,.324,.406,.730,4,14,L,T.Anderson (71)
29,29,May 4,@,STL,L2-3,38,38,2,10,2,0,0,2,0,0,5,0,0,0,1,0,0,0,.244,.322,.403,.724,9,15,R,M.Mikolas (67)
30,30,May 5,@,STL,L6-8,45,42,6,12,1,0,2,6,2,0,6,0,1,0,0,0,0,0,.246,.322,.405,.726,9,18,R,L.Weaver (35)
31,31,May 6,@,STL,L3-4,53,48,3,9,1,0,2,3,4,0,10,0,0,1,0,1,0,0,.243,.318,.401,.720,8,20,R,M.Wacha (52)
32,32,May 7,,MIA,W14-2,44,39,14,15,3,0,4,14,5,0,7,0,0,0,0,0,0,0,.248,.323,.414,.737,6,11,L,J.Garcia (23)
33,33,May 8,,MIA,W4-3,34,32,4,8,2,0,0,4,1,0,7,1,0,0,0,0,0,0,.248,.322,.411,.734,6,18,R,J.Urena (48)
34,34,May 9,,MIA,W13-4,45,39,13,17,5,2,3,13,4,0,9,0,1,1,0,0,0,0,.254,.327,.427,.754,8,13,L,W.Chen (8)
35,35,May 11,,CHW,W11-2,48,39,11,15,4,0,3,11,7,1,11,1,0,1,1,0,0,0,.258,.333,.436,.769,13,17,R,C.Fulmer (28)
36,36,May 12,,CHW,W8-4,41,33,8,9,0,1,2,8,8,0,4,0,0,0,0,0,2,0,.259,.335,.438,.773,9,15,R,J.Shields (39)
37,37,May 13,,CHW,L3-5,37,29,3,3,1,0,0,3,7,0,7,1,0,0,0,1,5,0,.255,.334,.431,.765,7,14,R,L.Giolito (49)
38,38,May 14,,ATL,L5-6,38,33,5,8,0,0,2,5,4,0,2,1,0,0,0,0,0,1,.255,.334,.431,.765,6,18,R,J.Teheran (46)
39,39,May 15,@,ATL,W3-2,38,33,3,6,3,0,0,2,5,0,15,0,0,0,0,0,0,1,.253,.333,.427,.761,8,16,R,M.Foltynewicz (64)
40,40,May 16,@,ATL,L1-4,36,33,1,8,2,0,0,1,2,0,11,0,1,0,0,1,0,0,.253,.332,.425,.757,8,15,R,B.McCarthy (64)
41,41,May 18,@,CIN,W8-1,49,40,8,16,3,0,0,7,8,3,5,0,1,0,0,2,1,0,.257,.337,.426,.763,14,14,R,H.Bailey (18)
42,42,May 19 (1),@,CIN,L4-5,51,43,4,12,4,1,1,4,8,3,10,0,0,0,0,2,1,0,.258,.339,.428,.766,14,17,R,L.Castillo (50)
43,43,May 19 (2),@,CIN,W10-0,46,36,10,11,2,1,1,10,8,1,9,0,0,2,0,0,0,0,.259,.341,.429,.770,9,13,R,S.Romano (27)
44,44,May 20,@,CIN,W6-1,42,35,6,10,1,0,3,6,6,1,7,0,0,1,1,2,0,0,.259,.342,.433,.774,9,14,R,T.Mahle (46)
45,45,May 22,,CLE,L1-10,39,36,1,10,1,1,1,1,3,0,9,0,0,0,0,0,1,0,.260,.341,.433,.774,11,14,R,T.Bauer (62)
46,46,May 23,,CLE,L0-1,33,29,0,3,1,0,0,0,4,0,6,0,0,0,0,0,0,0,.257,.339,.428,.767,6,12,R,A.Plutko (68)
47,47,May 25,,SFG,W6-2,36,29,6,8,1,0,0,6,5,0,7,1,1,0,0,1,2,0,.257,.340,.426,.766,6,15,L,D.Holland (56)
48,48,May 26,,SFG,L4-5,35,32,4,7,2,0,2,4,3,0,7,0,0,0,0,2,0,0,.257,.339,.426,.766,4,14,R,C.Stratton (50)
49,49,May 27,,SFG,W8-3,42,36,8,13,3,2,1,8,6,0,8,0,0,0,0,1,0,0,.259,.342,.431,.772,10,14,L,T.Blach (24)
50,50,May 28,@,PIT,W7-0,43,37,7,12,0,0,2,5,5,1,7,0,1,0,0,0,0,1,.260,.343,.432,.775,9,16,R,C.Kuhl (61)
51,51,May 29,@,PIT,W8-6,46,40,8,14,5,0,3,8,4,1,7,2,0,0,0,0,0,1,.262,.345,.438,.783,11,15,R,N.Kingham (43)
52,52,May 30,@,PIT,L1-2,39,35,1,9,1,0,0,1,4,1,7,0,0,0,0,0,0,0,.262,.345,.435,.780,11,14,R,J.Musgrove (60)
53,53,May 31,@,NYM,W5-1,43,37,5,11,3,0,1,5,5,1,9,0,0,1,0,0,0,0,.263,.345,.436,.781,11,16,R,S.Lugo (59)
54,54,Jun 1,@,NYM,W7-4,44,41,7,17,2,0,1,7,2,0,7,0,0,1,0,1,0,1,.266,.347,.438,.785,10,19,R,Z.Wheeler (52)
55,55,Jun 2,@,NYM,W7-1,66,56,7,17,3,0,1,7,9,3,24,0,1,0,0,1,3,0,.267,.349,.437,.786,17,16,R,J.deGrom (70)
56,56,Jun 3,@,NYM,W2-0,33,29,2,5,1,0,0,1,3,0,9,0,0,1,0,1,3,1,.266,.347,.434,.781,4,14,L,S.Matz (64)
57,57,Jun 5,,PHI,L1-6,36,33,1,8,2,0,0,1,2,0,3,0,1,0,0,0,0,0,.265,.346,.431,.778,8,14,R,Z.Eflin (60)
58,58,Jun 6,,PHI,W7-5,38,31,7,6,2,0,2,7,6,1,9,0,0,1,1,1,3,0,.264,.346,.432,.777,5,15,R,A.Nola (54)
59,59,Jun 7,,PHI,W4-3,31,27,4,6,1,0,1,4,1,0,9,0,0,1,0,1,0,1,.264,.344,.431,.775,3,15,R,N.Pivetta (44)
60,60,Jun 8,,PIT,W3-1,33,29,3,9,1,0,0,3,2,0,11,1,0,1,0,1,0,2,.264,.345,.430,.774,6,14,R,C.Kuhl (44)
61,61,Jun 9,,PIT,W2-0,35,29,2,6,2,0,0,2,4,2,6,1,0,1,0,0,0,0,.264,.344,.428,.772,9,14,R,N.Kingham (60)
62,62,Jun 10,,PIT,L1-7,33,31,1,4,1,0,0,1,2,0,10,0,0,0,2,2,0,0,.262,.342,.424,.766,5,15,R,I.Nova (63)
63,63,Jun 11,@,MIL,W7-2,48,41,7,10,1,0,1,7,6,0,11,1,0,0,0,1,2,0,.261,.342,.422,.765,8,15,R,J.Guerra (60)
64,64,Jun 12,@,MIL,L0-4,30,28,0,2,0,0,0,0,2,0,8,0,0,0,0,0,0,0,.259,.340,.418,.758,3,13,R,C.Anderson (79)
65,65,Jun 13,@,MIL,L0-1,36,33,0,6,1,0,0,0,3,0,13,0,0,0,0,0,2,0,.258,.339,.415,.754,9,15,R,J.Chacin (68)
66,66,Jun 15,@,STL,W13-5,46,36,13,14,4,0,3,13,5,0,7,1,1,3,1,0,1,0,.260,.340,.420,.761,6,15,R,M.Wacha (12)
67,67,Jun 16,@,STL,W6-3,46,37,6,10,1,0,2,6,8,2,8,0,1,0,2,1,0,0,.260,.341,.421,.762,13,16,R,C.Martinez (40)
68,68,Jun 17,@,STL,L0-5,35,30,0,4,0,0,0,0,3,0,9,2,0,0,1,1,0,1,.258,.340,.417,.758,8,14,R,J.Flaherty (67)
69,69,Jun 19 (1),,LAD,L3-4,43,35,3,8,2,0,0,3,8,2,11,0,0,0,0,0,0,0,.258,.341,.415,.756,13,17,R,K.Maeda (36)
70,70,Jun 19 (2),,LAD,W2-1,39,35,2,8,1,1,1,2,4,2,10,0,0,0,0,0,0,0,.258,.340,.415,.756,10,16,L,R.Hill (70)
71,71,Jun 20,,LAD,W4-0,35,32,4,12,3,1,1,4,1,0,7,1,1,0,0,0,1,2,.259,.341,.418,.759,7,12,R,R.Stripling (51)
72,72,Jun 21,@,CIN,L2-6,39,34,2,8,2,0,0,2,3,0,9,2,0,0,0,1,0,0,.259,.341,.416,.757,10,14,R,M.Harvey (59)
73,73,Jun 22,@,CIN,L3-6,33,31,3,4,1,0,1,3,1,0,10,1,0,0,1,1,0,0,.257,.339,.414,.754,3,13,R,L.Castillo (53)
74,74,Jun 23,@,CIN,L2-11,36,30,2,6,0,0,2,2,5,0,3,0,1,0,0,1,0,0,.257,.339,.414,.753,7,16,R,A.DeSclafani (58)
75,75,Jun 24,@,CIN,L6-8,37,36,6,10,3,0,2,6,1,0,11,0,0,0,0,0,0,0,.257,.338,.416,.754,4,13,R,S.Romano (36)
76,76,Jun 25,@,LAD,L1-2,33,31,1,7,0,0,0,1,1,0,9,0,0,1,0,1,0,0,.257,.337,.413,.751,5,16,R,K.Maeda (79)
77,77,Jun 26,@,LAD,W9-4,47,42,9,15,1,0,2,9,5,0,9,0,0,0,1,0,2,1,.258,.339,.415,.754,11,15,R,R.Stripling (52)
78,78,Jun 27,@,LAD,L5-7,37,36,5,10,3,0,1,4,1,0,8,0,0,0,0,1,0,0,.258,.338,.416,.754,5,17,L,A.Wood (59)
79,79,Jun 28,@,LAD,W11-5,43,40,11,15,5,0,2,11,1,0,11,1,0,1,1,1,0,0,.260,.339,.419,.758,5,14,L,C.Kershaw (61)
80,80,Jun 29,,MIN,W10-6,42,34,10,12,1,0,4,10,6,0,6,1,1,0,0,1,0,0,.261,.341,.423,.763,8,18,R,J.Berrios (25)
81,81,Jun 30,,MIN,W14-9,49,38,14,20,3,0,0,14,7,2,5,0,1,3,0,1,0,0,.265,.344,.425,.769,11,17,L,A.Mejia (32)
82,82,Jul 1,,MIN,W11-10,45,38,11,14,4,1,2,11,6,1,7,0,0,1,1,0,1,0,.266,.345,.429,.774,10,14,R,L.Lynn (15)
83,83,Jul 3,,DET,W5-3,37,33,5,11,4,0,1,5,4,0,7,0,0,0,0,0,0,1,.267,.346,.430,.776,8,16,R,M.Fulmer (48)
84,84,Jul 4,,DET,W5-2,36,30,5,7,2,0,2,4,6,0,7,0,0,0,0,1,3,0,.266,.346,.431,.777,7,14,L,F.Liriano (50)
85,85,Jul 6,,CIN,L2-3,38,33,2,8,1,0,0,2,3,1,5,0,0,1,0,1,1,0,.266,.346,.429,.775,9,16,R,T.Mahle (62)
86,86,Jul 7,,CIN,W8-7,41,37,8,13,3,0,1,8,3,0,8,1,0,0,0,0,1,0,.267,.347,.430,.776,9,13,R,M.Harvey (44)
87,87,Jul 8,,CIN,W6-5,45,38,6,11,3,0,0,6,6,1,9,0,1,0,1,1,0,0,.268,.347,.429,.776,11,18,R,L.Castillo (39)
88,88,Jul 9,@,SFG,L1-2,41,36,1,4,3,0,0,1,5,0,9,0,0,0,0,1,1,0,.266,.346,.426,.772,7,14,L,A.Suarez (63)
89,89,Jul 10,@,SFG,W2-0,33,31,2,6,3,0,0,1,2,0,12,0,0,0,0,0,0,2,.265,.345,.425,.770,4,15,L,D.Holland (67)
90,90,Jul 11,@,SFG,L4-5,57,50,4,11,0,0,3,4,6,0,16,1,0,0,0,0,0,0,.264,.344,.425,.769,14,19,R,J.Cueto (47)
91,91,Jul 13,@,SDP,W5-4,42,35,5,9,4,0,0,4,5,0,7,1,1,0,0,2,1,1,.264,.344,.424,.768,7,18,L,C.Richard (49)
92,92,Jul 14,@,SDP,W11-6,43,40,11,13,3,0,3,11,3,1,10,0,0,0,0,0,1,0,.265,.345,.427,.771,5,16,R,L.Perdomo (33)
93,93,Jul 15,@,SDP,W7-4,42,35,7,10,2,0,0,7,3,1,11,3,0,1,0,0,1,0,.265,.345,.426,.771,8,14,L,E.Lauer (28)
94,94,Jul 19,,STL,W9-6,40,36,9,13,3,0,1,9,2,1,5,0,1,1,2,0,1,1,.266,.345,.427,.772,7,18,R,C.Martinez (32)
95,95,Jul 20,,STL,L5-18,44,35,5,10,1,0,2,5,7,0,14,2,0,0,1,3,0,0,.266,.346,.427,.774,12,15,R,J.Flaherty (64)
96,96,Jul 21 (1),,STL,W7-2,41,29,7,11,1,1,0,6,8,2,4,0,2,2,0,1,1,0,.267,.348,.428,.776,10,15,R,L.Weaver (33)
97,97,Jul 21 (2),,STL,L3-6,41,34,3,7,0,0,0,3,7,0,3,0,0,0,1,1,1,0,.267,.348,.426,.774,11,17,R,J.Gant (58)
98,98,Jul 22,,STL,W7-2,40,33,7,12,1,0,1,7,5,1,8,1,1,0,0,1,1,1,.268,.349,.426,.775,9,13,R,M.Mikolas (51)
99,99,Jul 23,,ARI,L1-7,32,32,1,7,1,0,0,1,0,0,10,0,0,0,0,1,0,0,.267,.348,.425,.773,4,13,L,P.Corbin (70)
100,100,Jul 24,,ARI,L1-5,35,32,1,6,0,0,1,1,3,0,11,0,0,0,0,1,0,0,.267,.347,.423,.770,7,15,R,C.Buchholz (61)
101,101,Jul 25,,ARI,W2-1,28,25,2,4,2,0,0,1,3,0,6,0,0,0,1,3,0,0,.266,.346,.422,.768,2,14,L,R.Ray (70)
102,102,Jul 26,,ARI,W7-6,37,34,7,9,1,0,2,6,2,0,8,1,0,0,1,1,0,1,.266,.346,.422,.769,5,17,R,Z.Godley (44)
103,103,Jul 27,@,STL,L2-5,34,34,2,8,1,0,2,2,0,0,8,0,0,0,0,0,0,0,.265,.345,.423,.768,5,12,R,L.Weaver (53)
104,104,Jul 28,@,STL,L2-6,33,31,2,7,0,0,1,2,2,0,5,0,0,0,0,3,0,0,.265,.345,.422,.767,4,14,R,M.Mikolas (53)
105,105,Jul 29,@,STL,W5-2,39,36,5,10,3,0,2,4,3,0,7,0,0,0,1,1,0,0,.265,.345,.423,.767,7,12,R,J.Gant (47)
106,106,Jul 31,@,PIT,L4-5,38,32,4,9,4,0,1,4,4,0,4,1,1,0,0,2,0,0,.265,.345,.424,.768,7,14,R,J.Taillon (48)
107,107,Aug 1,@,PIT,W9-2,49,40,9,15,5,0,1,8,7,1,5,2,0,0,1,1,0,1,.267,.347,.425,.772,13,15,R,N.Kingham (35)
108,108,Aug 2,,SDP,L1-6,32,30,1,3,0,0,0,1,1,0,8,1,0,0,0,0,0,0,.265,.345,.423,.768,4,13,L,R.Erlin (62)
109,109,Aug 3,,SDP,W5-4,36,32,5,10,0,1,2,5,2,1,4,0,0,2,0,0,0,0,.266,.345,.424,.769,7,17,R,T.Ross (43)
110,110,Aug 4,,SDP,W5-4,38,35,5,11,3,0,2,5,2,1,10,1,0,0,0,0,0,0,.266,.345,.425,.770,9,15,R,W.Lockett (33)
111,111,Aug 5,,SDP,L6-10,39,37,6,12,2,0,2,5,1,0,14,0,0,0,0,0,0,1,.267,.345,.426,.771,6,16,L,J.Lucchesi (54)
112,112,Aug 6,@,KCR,W3-1,38,34,3,9,1,1,1,2,4,1,12,0,0,0,0,1,0,0,.267,.345,.426,.772,8,10,R,J.Junis (59)
113,113,Aug 7,@,KCR,W5-0,39,32,5,9,1,1,0,5,5,0,5,0,0,2,0,1,0,1,.267,.345,.426,.771,7,10,R,B.Keller (43)
114,114,Aug 8,@,KCR,L0-9,31,29,0,3,0,0,0,0,2,0,3,0,0,0,0,0,0,0,.266,.344,.424,.768,4,11,R,H.Fillmyer (72)
115,115,Aug 10,,WSN,W3-2,33,27,3,4,0,0,0,3,6,0,5,0,0,0,0,0,0,1,.265,.344,.422,.765,6,17,R,J.Hellickson (60)
116,116,Aug 11,,WSN,L4-9,39,35,4,11,1,0,0,4,2,0,8,1,0,1,0,0,0,1,.265,.344,.421,.765,8,16,R,T.Roark (59)
117,117,Aug 12,,WSN,W4-3,35,32,4,6,1,0,1,4,1,1,11,2,0,0,0,0,0,0,.265,.343,.420,.763,5,15,R,M.Scherzer (81)
118,118,Aug 14,,MIL,L0-7,32,30,0,3,3,0,0,0,2,0,12,0,0,0,0,0,0,0,.263,.342,.419,.760,5,14,R,J.Chacin (79)
119,119,Aug 15,,MIL,W8-4,41,36,8,13,2,1,2,7,4,1,7,0,1,0,1,1,2,0,.264,.343,.420,.763,9,14,R,J.Guerra (18)
120,120,Aug 16,@,PIT,W1-0,36,34,1,7,0,0,1,1,1,0,7,1,0,0,0,0,0,0,.264,.342,.419,.761,8,14,R,I.Nova (59)
121,121,Aug 17,@,PIT,W1-0,36,33,1,6,1,0,1,1,3,1,5,0,0,0,3,1,0,1,.263,.341,.418,.760,8,15,R,T.Williams (67)
122,122,Aug 18,@,PIT,L1-3,34,34,1,6,0,0,1,1,0,0,10,0,0,0,2,1,0,0,.262,.340,.417,.757,6,15,R,J.Musgrove (70)
123,123,Aug 19,@,PIT,L1-2,45,38,1,8,3,0,1,1,7,2,15,0,0,0,0,2,1,0,.262,.340,.417,.757,11,18,R,J.Taillon (63)
124,124,Aug 21,@,DET,L1-2,38,35,1,8,0,0,1,1,3,0,9,0,0,0,1,1,1,0,.262,.340,.416,.756,10,9,R,J.Zimmermann (58)
125,125,Aug 22,@,DET,W8-2,41,37,8,11,2,0,3,8,4,0,4,0,0,0,1,1,0,0,.262,.340,.418,.757,6,10,L,F.Liriano (39)
126,126,Aug 23,,CIN,W7-1,38,33,7,12,2,0,2,7,3,1,7,0,1,1,1,0,2,0,.263,.340,.419,.759,7,10,R,A.DeSclafani (42)
127,127,Aug 24,,CIN,W3-2,35,32,3,7,0,0,2,3,3,0,11,0,0,0,0,2,0,1,.262,.340,.419,.759,4,17,R,M.Harvey (59)
128,128,Aug 25,,CIN,W10-6,44,38,10,12,3,0,3,10,5,0,7,1,0,0,2,0,0,0,.263,.341,.421,.761,10,16,R,L.Castillo (31)
129,129,Aug 26,,CIN,W9-0,39,38,9,13,3,1,2,8,1,0,8,0,0,0,1,0,0,0,.264,.341,.422,.763,6,13,R,H.Bailey (35)
130,130,Aug 27,,NYM,W7-4,40,37,7,14,5,0,1,6,3,1,10,0,0,0,0,0,1,1,.264,.341,.424,.765,9,17,R,N.Syndergaard (41)
131,131,Aug 28,,NYM,W2-1,44,39,2,10,0,0,0,2,3,1,13,0,1,1,1,1,0,0,.264,.341,.422,.763,11,18,R,J.deGrom (71)
132,132,Aug 29,,NYM,L3-10,36,32,3,6,1,0,1,3,3,0,11,1,0,0,0,1,0,0,.264,.341,.422,.762,6,13,L,J.Vargas (60)
133,133,Aug 30,@,ATL,W5-4,37,34,5,6,2,0,1,4,2,1,7,1,0,0,0,0,0,0,.263,.340,.421,.761,5,17,R,M.Foltynewicz (45)
134,134,Aug 31,@,PHI,L1-2,41,36,1,9,0,0,1,1,5,0,12,0,0,0,1,2,0,1,.263,.340,.420,.760,10,14,R,N.Pivetta (56)
135,135,Sep 1,@,PHI,W7-1,39,37,7,11,4,1,1,6,1,0,9,0,1,0,1,0,0,1,.263,.340,.421,.761,5,14,R,Z.Eflin (42)
136,136,Sep 2,@,PHI,W8-1,39,34,8,9,1,3,3,8,4,0,13,0,0,1,0,1,0,0,.263,.340,.423,.763,4,17,R,A.Nola (52)
137,137,Sep 3,@,MIL,L3-4,35,33,3,6,0,0,1,2,2,0,11,0,0,0,0,0,2,0,.263,.339,.422,.761,5,18,R,Z.Davies (61)
138,138,Sep 4,@,MIL,L1-11,34,31,1,5,2,0,0,1,1,0,10,1,1,0,1,1,0,0,.262,.338,.421,.759,6,20,L,W.Miley (67)
139,139,Sep 5,@,MIL,W6-4,36,35,6,13,1,0,2,5,1,0,8,0,0,0,0,2,0,0,.263,.339,.422,.761,3,16,R,J.Chacin (38)
140,140,Sep 6,@,WSN,W6-4,47,40,6,11,3,0,0,6,4,1,10,2,0,1,0,0,1,0,.263,.339,.422,.760,11,22,R,S.Strasburg (50)
141,141,Sep 8 (1),@,WSN,L3-10,36,34,3,9,1,0,0,3,0,0,11,1,0,1,0,1,0,0,.263,.338,.421,.759,6,21,R,M.Scherzer (68)
142,142,Sep 8 (2),@,WSN,L5-6,37,31,5,6,2,0,1,5,4,2,12,2,0,0,0,2,2,0,.263,.338,.420,.759,5,19,R,J.Rodriguez (46)
143,143,Sep 10,,MIL,L2-3,35,30,2,5,2,0,0,2,4,0,9,0,0,1,0,1,1,0,.262,.338,.419,.757,6,18,L,W.Miley (49)
144,144,Sep 11,,MIL,W3-0,30,27,3,3,1,0,0,2,2,0,10,0,1,0,1,0,1,0,.261,.337,.418,.755,3,15,R,J.Chacin (63)
145,145,Sep 12,,MIL,L1-5,35,32,1,6,1,0,0,1,3,0,10,0,0,0,0,0,0,1,.261,.336,.416,.753,7,18,R,C.Anderson (59)
146,146,Sep 13,@,WSN,W4-3,42,37,4,10,2,0,1,4,4,1,4,1,0,0,1,1,0,1,.261,.337,.416,.753,8,21,R,J.Ross (49)
147,147,Sep 14,,CIN,W3-2,35,32,3,7,2,0,1,3,2,0,7,1,0,0,1,1,0,0,.261,.336,.416,.752,8,14,R,M.Harvey (69)
148,148,Sep 15,,CIN,W1-0,31,28,1,4,0,0,0,1,2,0,13,1,0,0,0,0,0,0,.260,.336,.415,.750,6,15,L,C.Reed (71)
149,149,Sep 16,,CIN,L1-2,34,28,1,5,1,0,0,1,4,0,3,1,0,1,0,2,0,0,.260,.335,.414,.749,6,15,R,L.Castillo (60)
150,150,Sep 17,@,ARI,W5-1,37,35,5,9,1,0,2,5,1,0,10,0,1,0,0,0,0,0,.260,.335,.414,.749,5,11,L,P.Corbin (56)
151,151,Sep 18,@,ARI,W9-1,42,39,9,12,3,0,2,9,2,0,14,0,0,1,2,1,0,0,.260,.335,.415,.750,6,17,R,M.Andriese (30)
152,152,Sep 19,@,ARI,L0-9,32,28,0,1,0,0,0,0,4,0,10,0,0,0,1,1,0,0,.259,.334,.413,.747,5,16,L,R.Ray (74)
153,153,Sep 21,@,CHW,L4-10,39,37,4,9,1,0,1,3,2,0,9,0,0,0,1,0,0,0,.259,.334,.412,.746,8,13,R,R.Lopez (71)
154,154,Sep 22,@,CHW,W8-3,41,37,8,9,2,0,1,7,4,1,7,0,0,0,0,0,0,0,.258,.334,.412,.746,6,11,R,L.Giolito (42)
155,155,Sep 23,@,CHW,W6-1,47,42,6,15,4,0,1,6,4,1,9,1,0,0,0,0,1,0,.259,.334,.413,.747,14,10,L,C.Rodon (18)
156,156,Sep 24,,PIT,L1-5,36,33,1,7,0,0,1,1,3,0,7,0,0,0,0,1,0,0,.259,.334,.412,.746,8,16,R,J.Taillon (65)
157,157,Sep 25,,PIT,L0-6,34,31,0,5,1,0,0,0,2,0,10,1,0,0,0,1,0,0,.258,.333,.411,.744,7,19,R,C.Archer (71)
158,158,Sep 26,,PIT,W7-6,44,37,7,12,0,0,1,7,4,1,6,0,2,1,1,1,1,0,.259,.334,.411,.745,8,19,R,I.Nova (25)
159,159,Sep 27,,PIT,W3-0,35,32,3,10,4,1,0,3,3,0,7,0,0,0,0,0,1,1,.259,.334,.412,.746,8,16,R,T.Williams (40)
160,160,Sep 28,,STL,W8-4,38,31,8,8,1,0,1,8,4,0,8,1,0,2,1,0,0,0,.259,.334,.411,.745,6,12,R,A.Wainwright (47)
161,161,Sep 29,,STL,L1-2,31,31,1,5,0,0,0,0,0,0,6,0,0,0,1,0,0,0,.259,.333,.410,.743,3,12,R,M.Mikolas (76)
162,162,Sep 30,,STL,W10-5,41,35,10,12,5,1,1,8,6,1,8,0,0,0,1,1,0,0,.259,.334,.411,.745,7,21,R,J.Flaherty (34)
163,163,Oct 1,,MIL,L1-3,31,28,1,3,0,0,1,1,3,0,8,0,0,0,0,2,0,0,.258,.333,.410,.744,3,18,R,J.Chacin (64)