Rk,Gtm,Date,,Opp,Rslt,PA,AB,R,H,2B,3B,HR,RBI,BB,IBB,SO,HBP,SH,SF,ROE,GDP,SB,CS,BA,OBP,SLG,OPS,LOB,#,Thr,Opp. Starter (GmeSc)
1,1,Mar 30,,WSN,L0-2,36,34,0,7,1,0,0,0,2,0,14,0,0,0,0,0,1,0,.206,.250,.235,.485,9,16,R,M.Scherzer (71)
2,2,Mar 31,,WSN,L7-13,42,39,7,12,1,0,3,7,2,0,11,0,0,1,1,0,0,0,.260,.295,.411,.706,8,16,R,S.Strasburg (55)
3,3,Apr 1,,WSN,L5-6,37,32,5,7,3,0,1,4,3,0,8,2,0,0,0,2,0,0,.248,.304,.410,.714,5,13,L,G.Gonzalez (64)
4,4,Apr 2,,CHC,W1-0,35,28,1,5,1,1,0,1,6,0,7,0,1,0,1,1,0,0,.233,.309,.383,.692,10,14,R,T.Chatwood (58)
5,5,Apr 5,@,PIT,L2-5,36,31,2,5,0,0,1,1,5,0,7,0,0,0,0,1,0,0,.220,.303,.360,.662,7,14,L,S.Brault (57)
6,6,Apr 6,@,PIT,L3-14,40,37,3,13,1,0,0,3,3,0,6,0,0,0,0,2,0,0,.244,.320,.363,.683,10,15,R,T.Williams (43)
7,7,Apr 7,@,PIT,W7-4,43,34,7,11,2,0,1,7,5,0,10,1,2,1,0,1,1,0,.255,.335,.379,.713,9,15,R,C.Kuhl (53)
8,8,Apr 8,@,PIT,L0-5,30,27,0,1,0,0,0,0,2,0,7,1,0,0,0,1,0,0,.233,.314,.344,.658,3,14,R,J.Taillon (90)
9,9,Apr 9,@,PHI,L5-6,41,36,5,11,1,0,1,5,5,1,11,0,0,0,0,1,3,0,.242,.323,.352,.676,9,15,R,B.Lively (36)
10,10,Apr 10,@,PHI,L1-6,32,29,1,3,0,0,0,1,3,0,8,0,0,0,0,1,2,0,.229,.312,.330,.642,4,12,R,A.Nola (75)
11,11,Apr 11,@,PHI,L3-4,47,44,3,11,2,0,0,3,1,0,13,0,2,0,1,0,1,1,.232,.307,.326,.633,8,20,R,N.Pivetta (66)
12,12,Apr 12,,STL,L4-13,38,34,4,7,2,0,0,3,4,0,9,0,0,0,0,0,1,0,.230,.305,.321,.626,7,17,R,M.Wacha (45)
13,13,Apr 13,,STL,L3-5,36,32,3,7,0,0,1,3,3,0,13,0,1,0,0,0,0,0,.229,.304,.320,.624,6,15,R,L.Weaver (62)
14,14,Apr 14,,STL,L1-6,36,33,1,7,0,0,1,1,3,0,6,0,0,0,0,1,0,0,.228,.302,.319,.621,8,14,R,M.Mikolas (67)
15,15,Apr 15,,STL,L2-3,37,31,2,5,2,0,2,2,4,0,13,2,0,0,1,2,0,0,.224,.302,.325,.627,8,14,R,C.Martinez (80)
16,16,Apr 16,@,MIL,W10-4,44,39,10,14,6,0,0,10,4,1,7,0,1,0,0,1,0,0,.233,.310,.339,.649,7,14,L,B.Suter (47)
17,17,Apr 17,@,MIL,L0-2,34,30,0,3,2,0,0,0,3,0,11,1,0,0,0,0,0,0,.226,.305,.330,.634,7,14,R,J.Guerra (71)
18,18,Apr 18,@,MIL,L0-2,35,31,0,3,1,0,0,0,3,1,5,1,0,0,2,1,0,0,.220,.299,.319,.619,8,14,R,Z.Davies (67)
19,19,Apr 20,@,STL,L2-4,35,32,2,9,1,0,0,2,2,0,5,0,0,1,0,2,0,0,.223,.300,.319,.619,6,15,R,M.Wacha (60)
20,20,Apr 21,@,STL,L3-4,40,29,3,7,0,0,0,3,6,0,7,3,2,0,0,2,0,0,.224,.306,.316,.622,10,16,R,C.Martinez (70)
21,21,Apr 22,@,STL,L2-9,33,33,2,5,1,0,0,2,0,0,8,0,0,0,1,0,0,0,.220,.299,.309,.609,4,13,R,M.Mikolas (67)
22,22,Apr 23,,ATL,W10-4,42,34,10,10,1,0,1,10,8,0,11,0,0,0,0,0,1,0,.224,.306,.314,.620,8,13,R,M.Foltynewicz (53)
23,23,Apr 24,,ATL,W9-7,49,42,9,12,1,0,3,8,4,1,7,0,2,1,1,0,2,0,.227,.308,.326,.634,7,15,R,B.McCarthy (39)
24,24,Apr 25,,ATL,L4-5,41,37,4,12,3,0,1,4,4,1,3,0,0,0,0,2,0,0,.231,.312,.333,.645,10,15,R,M.Wisler (30)
25,25,Apr 26,,ATL,L4-7,37,33,4,6,1,0,1,4,4,0,10,0,0,0,0,0,0,0,.229,.310,.332,.642,6,18,L,S.Newcomb (50)
26,26,Apr 27,@,MIN,W15-9,54,45,15,20,5,1,3,14,6,0,8,1,0,2,1,1,0,0,.240,.320,.356,.676,12,9,R,P.Hughes (36)
27,27,Apr 28,@,MIN,L1-3,37,32,1,6,2,0,1,1,5,1,4,0,0,0,0,1,0,0,.239,.319,.355,.675,9,11,R,J.Odorizzi (59)
28,28,Apr 29,@,MIN,W8-2,45,41,8,14,3,0,1,8,4,0,6,0,0,0,0,0,1,0,.243,.323,.361,.684,10,10,R,J.Berrios (30)
29,29,Apr 30,,MIL,L5-6,38,31,5,7,4,0,0,5,5,0,12,1,0,1,0,1,0,1,.242,.324,.361,.684,6,15,R,J.Chacin (35)
30,30,May 1,,MIL,L6-7,43,35,6,11,0,0,2,6,6,0,6,0,1,1,1,0,2,1,.245,.326,.365,.691,10,16,R,C.Anderson (40)
31,31,May 2,,MIL,L1-3,35,30,1,4,1,0,0,1,5,0,4,0,0,0,0,1,0,0,.242,.324,.359,.684,7,15,L,W.Miley (63)
32,32,May 4,,MIA,W4-1,37,30,4,7,2,0,2,4,7,0,6,0,0,0,0,1,0,0,.241,.326,.363,.689,9,15,L,W.Chen (34)
33,33,May 5,,MIA,L0-6,31,29,0,4,1,0,0,0,2,0,10,0,0,0,2,4,0,0,.239,.323,.358,.681,4,14,L,C.Smith (69)
34,34,May 6,,MIA,L5-8,42,36,5,9,4,0,1,5,5,0,8,0,1,0,1,0,0,0,.239,.323,.361,.684,10,17,R,D.Straily (46)
35,35,May 7,,NYM,L6-7,37,34,6,8,3,0,3,6,2,0,3,0,0,1,0,0,0,0,.239,.322,.367,.689,4,15,L,P.Conlon (40)
36,36,May 8,,NYM,W7-2,39,34,7,12,2,1,1,7,3,0,3,1,1,0,0,1,0,0,.242,.325,.373,.697,8,15,L,J.Vargas (33)
37,37,May 9,,NYM,W2-1,35,31,2,5,0,0,1,2,3,0,9,0,1,0,0,0,0,0,.240,.322,.370,.692,6,14,R,Z.Wheeler (64)
38,38,May 10,@,LAD,W4-1,37,36,4,9,2,1,1,4,0,0,9,0,1,0,1,0,0,0,.240,.321,.372,.693,6,14,R,W.Buehler (62)
39,39,May 11,@,LAD,W6-2,43,36,6,10,3,0,1,6,5,0,7,1,0,1,0,0,1,0,.241,.322,.374,.696,10,16,R,K.Maeda (29)
40,40,May 12,@,LAD,W5-3,41,40,5,13,2,0,1,5,0,0,10,0,1,0,1,0,0,0,.244,.322,.376,.698,9,14,R,R.Stripling (55)
41,41,May 13,@,LAD,W5-3,43,36,5,9,1,0,2,5,6,1,7,0,1,0,2,1,4,0,.244,.323,.378,.701,11,12,L,R.Hill (47)
42,42,May 14,@,SFG,L7-10,40,37,7,13,3,0,3,7,2,0,5,1,0,0,0,2,0,1,.247,.325,.386,.711,6,15,R,C.Stratton (32)
43,43,May 15,@,SFG,L3-5,35,32,3,7,2,0,1,3,1,0,9,1,1,0,1,1,0,1,.246,.324,.385,.709,5,15,L,T.Blach (44)
44,44,May 16,@,SFG,W6-3,37,35,6,9,1,0,2,5,1,0,7,0,1,0,0,0,0,0,.247,.323,.387,.710,4,13,L,A.Suarez (42)
45,45,May 18,,CHC,L1-8,31,28,1,2,0,0,1,1,3,0,15,0,0,0,0,1,0,0,.243,.320,.383,.703,3,13,L,J.Lester (71)
46,46,May 19 (1),,CHC,W5-4,45,36,5,8,3,0,0,5,7,1,12,0,1,1,1,1,2,0,.243,.320,.381,.702,10,18,R,K.Hendricks (45)
47,47,May 19 (2),,CHC,L0-10,32,28,0,3,0,0,0,0,4,0,10,0,0,0,0,2,0,0,.240,.319,.377,.695,5,14,L,J.Quintana (78)
48,48,May 20,,CHC,L1-6,34,29,1,3,0,0,0,1,3,0,13,2,0,0,0,1,0,0,.238,.317,.372,.689,6,14,R,Y.Darvish (68)
49,49,May 22,,PIT,W7-2,35,32,7,9,4,0,1,7,1,1,12,1,0,1,0,0,1,0,.239,.317,.374,.691,4,15,R,J.Taillon (39)
50,50,May 23,,PIT,L4-5,53,46,4,11,1,0,1,4,5,1,11,1,0,1,0,0,0,0,.239,.317,.373,.690,13,18,R,C.Kuhl (63)
51,51,May 24,,PIT,W5-4,35,32,5,8,1,0,2,5,3,0,6,0,0,0,1,1,0,0,.239,.317,.375,.692,6,14,R,I.Nova (38)
52,52,May 25,@,COL,L4-5,38,34,4,8,1,0,1,4,3,0,11,1,0,0,0,1,1,0,.239,.317,.374,.691,7,13,R,J.Gray (49)
53,53,May 26,@,COL,W6-5,39,36,6,11,0,1,2,5,3,0,4,0,0,0,0,1,0,1,.240,.318,.377,.695,6,15,L,T.Anderson (47)
54,54,May 27,@,COL,L2-8,38,33,2,9,2,0,0,1,5,0,7,0,0,0,0,2,0,0,.241,.319,.377,.695,9,16,R,G.Marquez (67)
55,55,May 28,@,ARI,L5-12,41,37,5,16,2,0,0,5,1,0,1,1,2,0,0,3,0,0,.245,.321,.379,.700,9,15,R,M.Koch (24)
56,56,May 29,@,ARI,L2-5,35,32,2,7,1,0,1,2,2,0,10,1,0,0,1,3,0,0,.244,.321,.378,.699,6,13,R,Z.Godley (57)
57,57,May 30,@,ARI,W7-4,43,39,7,12,0,0,2,7,3,0,11,0,1,0,1,1,1,0,.245,.322,.380,.701,9,15,L,P.Corbin (41)
58,58,Jun 1,@,SDP,W7-2,41,34,7,8,2,0,1,6,7,0,4,0,0,0,0,1,1,0,.245,.322,.380,.702,7,12,R,W.Lockett (34)
59,59,Jun 2,@,SDP,L2-8,36,33,2,8,2,0,2,2,2,0,12,1,0,0,0,1,0,0,.245,.322,.382,.704,7,14,L,E.Lauer (55)
60,60,Jun 3,@,SDP,L3-6,39,37,3,12,0,1,2,3,2,0,7,0,0,0,0,1,0,1,.247,.323,.384,.707,9,16,R,T.Ross (46)
61,61,Jun 5,,COL,L6-9,43,42,6,17,1,0,1,6,1,0,10,0,0,0,0,0,0,0,.250,.324,.387,.711,10,16,L,K.Freeland (50)
62,62,Jun 6,,COL,L3-6,43,37,3,11,3,0,0,3,5,0,12,0,0,1,0,0,0,0,.251,.325,.387,.712,13,15,R,J.Gray (43)
63,63,Jun 7,,COL,W7-5,50,42,7,10,2,0,1,6,5,0,9,2,1,0,0,3,0,0,.250,.326,.386,.712,6,19,L,T.Anderson (63)
64,64,Jun 8,,STL,L6-7,48,40,6,13,3,0,0,6,8,1,8,0,0,0,0,2,0,1,.252,.328,.386,.714,12,17,R,L.Weaver (35)
65,65,Jun 9,,STL,L4-6,41,37,4,10,4,0,2,4,4,0,10,0,0,0,0,0,0,0,.252,.328,.389,.717,10,14,R,M.Wacha (56)
66,66,Jun 10,,STL,W6-3,38,26,6,5,0,1,0,6,11,0,10,1,0,0,0,0,0,2,.251,.330,.387,.717,8,13,R,C.Martinez (31)
67,67,Jun 12,@,KCR,W5-1,43,37,5,8,0,1,1,5,6,1,5,0,0,0,0,1,0,0,.251,.330,.387,.717,8,9,R,I.Kennedy (78)
68,68,Jun 13,@,KCR,W7-0,38,36,7,9,2,0,1,6,0,0,3,1,1,0,2,1,0,0,.251,.329,.387,.716,4,11,R,J.Hammel (57)
69,69,Jun 15,@,PIT,L2-3,39,34,2,7,1,0,0,1,3,1,10,0,1,1,3,1,1,0,.250,.328,.385,.713,10,13,R,C.Kuhl (57)
70,70,Jun 16,@,PIT,L2-6,39,35,2,7,1,0,2,2,4,1,6,0,0,0,1,0,0,0,.249,.327,.385,.712,10,14,R,I.Nova (58)
71,71,Jun 17,@,PIT,W8-6,41,38,8,13,2,0,2,8,3,0,10,0,0,0,0,0,2,1,.251,.328,.388,.716,6,14,R,J.Musgrove (28)
72,72,Jun 19,,DET,W9-5,45,37,9,13,3,0,2,9,6,0,9,2,0,0,0,0,0,0,.252,.331,.391,.721,12,15,L,M.Boyd (32)
73,73,Jun 20,,DET,W5-3,38,33,5,10,2,0,3,5,4,0,10,1,0,0,0,0,0,1,.253,.331,.394,.725,9,15,R,M.Fulmer (54)
74,74,Jun 21,,CHC,W6-2,34,29,6,7,0,0,1,6,4,0,5,1,0,0,0,2,2,0,.253,.332,.393,.725,4,15,R,K.Hendricks (48)
75,75,Jun 22,,CHC,W6-3,38,34,6,12,2,0,1,6,4,0,4,0,0,0,0,1,3,1,.254,.333,.395,.728,8,14,L,J.Quintana (34)
76,76,Jun 23,,CHC,W11-2,40,34,11,11,1,1,3,11,6,1,10,0,0,0,0,1,1,0,.255,.334,.398,.733,5,14,R,L.Farrell (44)
77,77,Jun 24,,CHC,W8-6,40,34,8,11,2,0,2,8,6,1,8,0,0,0,0,0,0,0,.256,.335,.400,.736,8,17,L,M.Montgomery (48)
78,78,Jun 25,@,ATL,L4-5,47,37,4,6,1,0,1,4,8,1,5,0,2,0,0,0,0,0,.255,.335,.399,.734,10,17,R,M.Foltynewicz (61)
79,79,Jun 26,@,ATL,W5-3,42,37,5,10,2,1,0,5,5,1,9,0,0,0,0,0,2,0,.255,.335,.398,.734,10,14,R,A.Sanchez (50)
80,80,Jun 27,@,ATL,W6-5,41,37,6,11,1,1,1,6,4,0,8,0,0,0,0,1,0,0,.256,.336,.399,.735,8,18,L,S.Newcomb (50)
81,81,Jun 28,,MIL,L4-6,38,35,4,9,3,0,2,4,2,0,11,0,1,0,0,0,1,0,.256,.335,.401,.736,7,12,R,J.Guerra (45)
82,82,Jun 29,,MIL,L2-8,33,31,2,6,0,0,1,2,2,0,8,0,0,0,0,2,0,0,.255,.334,.399,.734,4,13,R,C.Anderson (68)
83,83,Jun 30,,MIL,W12-3,45,36,12,15,1,0,1,12,7,1,8,0,0,2,0,0,0,0,.257,.336,.401,.737,9,17,R,J.Chacin (57)
84,84,Jul 1,,MIL,W8-2,37,33,8,10,2,0,1,8,3,0,8,1,0,0,0,1,0,0,.257,.337,.402,.739,5,15,R,F.Peralta (47)
85,85,Jul 2,,CHW,W5-3,39,31,5,7,3,0,1,5,7,0,5,0,0,1,0,0,0,0,.257,.337,.402,.739,10,16,R,J.Shields (61)
86,86,Jul 3,,CHW,L8-12,52,46,8,10,1,1,3,7,5,0,15,0,1,0,1,0,1,0,.256,.337,.403,.740,8,20,R,L.Giolito (23)
87,87,Jul 4,,CHW,W7-4,38,32,7,8,1,0,0,6,3,0,8,2,1,0,1,0,0,0,.256,.337,.402,.738,7,14,R,D.Covey (28)
88,88,Jul 6,@,CHC,W3-2,39,32,3,9,0,0,0,2,4,0,7,2,0,1,0,2,1,1,.257,.337,.400,.738,9,12,L,M.Montgomery (43)
89,89,Jul 7,@,CHC,L7-8,41,37,7,11,1,0,1,5,4,0,7,0,0,0,0,1,4,0,.257,.338,.401,.738,7,13,R,T.Chatwood (23)
90,90,Jul 8,@,CHC,L5-6,40,34,5,8,1,0,2,4,4,0,6,1,1,0,0,2,4,0,.257,.338,.401,.738,5,17,L,J.Lester (44)
91,91,Jul 9,@,CLE,W7-5,41,37,7,12,2,0,2,7,4,0,11,0,0,0,1,2,1,1,.258,.338,.403,.741,7,9,R,M.Clevinger (46)
92,92,Jul 10,@,CLE,W7-4,41,33,7,8,2,0,0,7,7,2,13,1,0,0,0,1,0,0,.258,.339,.402,.740,7,11,R,T.Bauer (84)
93,93,Jul 11,@,CLE,L4-19,40,36,4,11,1,1,2,4,3,0,11,0,0,1,0,1,0,0,.258,.339,.403,.742,9,12,R,C.Carrasco (59)
94,94,Jul 13,@,STL,W9-1,45,40,9,14,7,0,2,9,4,1,5,1,0,0,0,1,0,0,.259,.340,.407,.746,9,16,R,C.Martinez (45)
95,95,Jul 14,@,STL,W8-2,48,40,8,14,2,0,0,8,5,1,9,3,0,0,2,1,0,1,.260,.341,.407,.748,13,18,R,J.Flaherty (65)
96,96,Jul 15,@,STL,L4-6,39,34,4,8,1,0,0,4,4,0,6,1,0,0,0,1,0,0,.260,.341,.405,.746,8,15,R,M.Mikolas (38)
97,97,Jul 20,,PIT,L1-12,36,35,1,9,2,0,0,1,1,0,12,0,0,0,0,1,0,0,.260,.341,.404,.745,8,17,R,J.Taillon (57)
98,98,Jul 21,,PIT,L2-6,36,33,2,6,2,0,1,2,2,0,8,1,0,0,1,1,0,0,.259,.340,.403,.743,7,16,R,N.Kingham (58)
99,99,Jul 22,,PIT,L2-9,34,32,2,6,2,0,0,2,2,0,4,0,0,0,0,1,0,0,.259,.339,.402,.741,5,16,R,I.Nova (56)
100,100,Jul 23,,STL,W2-1,35,31,2,5,0,0,1,2,4,0,4,0,0,0,0,0,0,0,.258,.338,.401,.739,7,15,R,D.Ponce de Leon (77)
101,101,Jul 24,,STL,L2-4,41,37,2,5,0,0,1,2,3,1,11,1,0,0,0,0,0,1,.256,.337,.399,.736,6,14,L,A.Gomber (65)
102,102,Jul 25,,STL,W7-3,37,31,7,10,3,0,3,7,6,0,12,0,0,0,0,1,0,0,.257,.338,.402,.739,6,14,R,J.Flaherty (53)
103,103,Jul 26,,PHI,L4-9,35,34,4,8,0,0,2,4,1,0,9,0,0,0,0,1,0,0,.257,.337,.402,.739,4,14,L,R.Suarez (41)
104,104,Jul 27,,PHI,W6-4,38,28,6,7,2,0,2,6,7,2,13,0,2,1,0,1,0,0,.257,.338,.403,.740,8,15,R,N.Pivetta (50)
105,105,Jul 28,,PHI,W6-2,41,31,6,11,5,0,0,6,6,0,5,1,3,0,0,1,0,0,.258,.339,.404,.743,11,15,R,V.Velasquez (46)
106,106,Jul 29,,PHI,W4-0,36,32,4,10,2,0,1,4,2,1,7,0,1,1,1,1,2,0,.258,.339,.404,.743,8,14,R,Z.Eflin (41)
107,107,Jul 31,@,DET,L1-2,32,30,1,5,3,1,0,1,1,0,8,0,0,1,0,0,0,0,.257,.338,.404,.741,4,9,L,M.Boyd (80)
108,108,Aug 1,@,DET,L4-7,37,35,4,11,1,0,0,4,2,0,6,0,0,0,0,1,1,0,.258,.338,.403,.741,6,9,R,M.Fiers (53)
109,109,Aug 2,@,WSN,L4-10,38,34,4,7,3,0,1,4,4,0,12,0,0,0,0,0,0,0,.257,.337,.403,.740,7,14,R,M.Scherzer (64)
110,110,Aug 4 (1),@,WSN,W7-1,44,38,7,13,2,0,2,7,5,0,11,0,0,1,0,0,1,1,.258,.338,.404,.743,10,13,L,G.Gonzalez (22)
111,111,Aug 4 (2),@,WSN,L2-6,35,32,2,6,2,0,2,2,1,0,6,2,0,0,0,1,0,0,.258,.338,.405,.742,6,14,R,J.Hellickson (56)
112,112,Aug 5,@,WSN,L1-2,33,33,1,7,0,0,0,1,0,0,5,0,0,0,0,1,0,0,.257,.337,.403,.740,5,14,R,T.Roark (61)
113,113,Aug 6,@,NYM,L4-6,38,34,4,7,0,0,0,4,2,0,9,2,0,0,0,0,0,0,.257,.336,.401,.737,7,16,R,N.Syndergaard (50)
114,114,Aug 7,@,NYM,W6-1,38,36,6,10,1,0,2,6,1,0,7,0,0,1,0,0,3,0,.257,.336,.402,.738,5,13,L,J.Vargas (34)
115,115,Aug 8,@,NYM,L0-8,33,32,0,7,0,0,0,0,1,0,12,0,0,0,0,0,1,2,.257,.335,.400,.736,6,14,R,J.deGrom (73)
116,116,Aug 10,,ARI,W3-0,34,31,3,9,1,0,0,2,2,1,7,0,0,1,0,1,0,0,.257,.335,.400,.735,7,12,R,C.Buchholz (53)
117,117,Aug 11,,ARI,W6-3,39,32,6,9,2,0,0,6,5,2,8,2,0,0,0,0,2,1,.257,.336,.399,.735,9,15,L,R.Ray (55)
118,118,Aug 12,,ARI,L2-9,33,31,2,7,0,1,0,1,1,0,8,0,0,1,0,2,0,0,.257,.335,.399,.734,4,13,R,Z.Godley (61)
119,119,Aug 13,,CLE,L3-10,42,36,3,10,2,0,3,3,6,0,9,0,0,0,0,1,1,0,.257,.335,.400,.736,12,16,R,M.Clevinger (47)
120,120,Aug 14,,CLE,L1-8,32,30,1,5,0,1,0,1,2,0,9,0,0,0,0,1,0,1,.256,.335,.399,.734,4,15,R,C.Kluber (68)
121,121,Aug 15,,CLE,L3-4,41,37,3,10,5,0,1,3,4,0,13,0,0,0,0,0,0,0,.257,.335,.400,.734,11,18,R,S.Bieber (40)
122,122,Aug 17,,SFG,W2-1,41,39,2,11,2,0,1,2,2,0,11,0,0,0,0,0,0,1,.257,.334,.400,.734,9,14,R,C.Kelly (42)
123,123,Aug 18,,SFG,W7-1,36,33,7,11,4,0,2,6,2,0,6,0,0,1,0,1,1,0,.257,.335,.402,.736,5,12,L,M.Bumgarner (38)
124,124,Aug 19,,SFG,W11-4,43,38,11,17,4,3,2,11,3,0,6,0,1,1,1,2,0,0,.259,.336,.406,.742,8,14,L,A.Suarez (21)
125,125,Aug 20,@,MIL,L2-5,30,29,2,3,0,0,2,2,1,0,10,0,0,0,0,1,0,0,.258,.335,.405,.740,1,14,R,C.Anderson (66)
126,126,Aug 21,@,MIL,W9-7,42,39,9,14,4,1,1,6,2,0,9,0,0,1,0,1,0,1,.259,.335,.407,.742,6,15,R,J.Guerra (35)
127,127,Aug 22,@,MIL,L0-4,33,30,0,5,0,0,0,0,3,0,8,0,0,0,0,2,1,0,.258,.334,.405,.740,6,12,R,F.Peralta (76)
128,128,Aug 23,@,CHC,L1-7,33,30,1,8,1,0,0,1,2,0,7,0,1,0,0,2,2,1,.258,.334,.405,.739,5,11,L,C.Hamels (72)
129,129,Aug 24,@,CHC,L2-3,37,34,2,5,3,0,1,2,2,0,12,0,1,0,0,0,0,0,.258,.333,.404,.737,5,16,R,A.Mills (64)
130,130,Aug 25,@,CHC,L6-10,40,36,6,12,1,0,2,6,3,0,4,0,0,1,0,1,0,0,.258,.334,.405,.738,7,15,L,J.Quintana (46)
131,131,Aug 26,@,CHC,L0-9,30,29,0,3,1,0,0,0,1,0,5,0,0,0,0,1,0,0,.257,.332,.403,.736,3,15,R,K.Hendricks (77)
132,132,Aug 28,,MIL,W9-7,45,36,9,14,1,1,1,8,8,1,11,0,1,0,0,0,0,1,.258,.334,.404,.738,12,14,R,J.Guerra (15)
133,133,Aug 29,,MIL,L12-13,49,42,12,14,2,0,5,11,6,0,11,1,0,0,0,0,1,1,.259,.335,.407,.742,7,19,R,F.Peralta (35)
134,134,Aug 30,,MIL,L1-2,39,38,1,6,3,0,0,1,1,0,8,0,0,0,0,1,0,0,.258,.334,.406,.740,5,17,L,W.Miley (69)
135,135,Aug 31,@,STL,L5-12,44,38,5,14,1,0,1,5,3,0,3,0,2,1,0,0,0,0,.259,.334,.407,.741,12,14,L,A.Gomber (52)
136,136,Sep 1,@,STL,W4-0,36,34,4,10,4,0,0,4,1,0,7,0,1,0,0,1,0,0,.259,.334,.407,.741,5,12,R,D.Ponce de Leon (41)
137,137,Sep 2,@,STL,W6-4,45,34,6,7,3,0,2,5,8,0,7,1,1,1,0,1,0,0,.259,.334,.407,.741,9,17,R,L.Weaver (47)
138,138,Sep 3,@,PIT,L1-5,34,32,1,7,1,0,1,1,1,0,5,1,0,0,0,2,0,0,.259,.334,.407,.740,6,12,R,T.Williams (67)
139,139,Sep 4,@,PIT,L3-7,35,33,3,6,0,0,2,3,1,0,11,1,0,0,0,0,0,0,.258,.333,.406,.740,5,14,R,J.Musgrove (63)
140,140,Sep 5,@,PIT,L2-3,40,36,2,11,1,0,1,2,3,0,12,1,0,0,0,0,0,1,.258,.333,.406,.740,11,16,R,J.Taillon (53)
141,141,Sep 6,,SDP,L2-6,34,31,2,5,0,0,2,2,3,0,13,0,0,0,0,0,0,0,.258,.333,.406,.739,5,14,L,E.Lauer (63)
142,142,Sep 7,,SDP,W12-6,40,35,12,11,1,0,3,11,5,0,15,0,0,0,0,0,0,0,.258,.333,.407,.741,4,15,R,B.Kennedy (35)
143,143,Sep 8,,SDP,W7-2,27,24,7,8,0,0,1,7,2,0,3,0,0,1,0,1,0,0,.259,.334,.408,.741,2,11,L,R.Erlin (15)
144,144,Sep 9,,SDP,L6-7,39,35,6,9,2,0,1,6,3,0,11,1,0,0,0,1,1,0,.259,.334,.408,.741,6,19,R,J.Nix (27)
145,145,Sep 10,,LAD,W10-6,42,38,10,14,4,0,1,9,3,1,12,1,0,0,1,0,2,0,.259,.334,.409,.743,8,15,L,A.Wood (23)
146,146,Sep 11,,LAD,W3-1,35,33,3,10,1,0,2,3,2,0,9,0,0,0,0,1,0,0,.260,.334,.409,.744,8,13,L,H.Ryu (44)
147,147,Sep 12,,LAD,L1-8,32,31,1,5,1,1,1,1,1,0,11,0,0,0,0,0,0,1,.259,.333,.409,.743,4,17,R,R.Stripling (53)
148,148,Sep 14,@,CHC,L2-3,37,33,2,9,1,0,2,2,3,0,8,1,0,0,0,1,0,1,.259,.334,.410,.743,8,15,L,C.Hamels (55)
149,149,Sep 15,@,CHC,L0-1,31,29,0,4,0,0,0,0,2,0,10,0,0,0,0,1,2,1,.258,.333,.408,.741,4,16,L,J.Lester (80)
150,150,Sep 16,@,CHC,W2-1,38,34,2,6,1,0,2,2,4,1,11,0,0,0,1,0,0,0,.258,.332,.408,.740,9,13,L,J.Quintana (53)
151,151,Sep 17,@,MIL,L0-8,36,33,0,8,1,0,0,0,1,0,7,1,1,0,0,1,0,0,.258,.332,.407,.739,9,19,L,W.Miley (59)
152,152,Sep 18,@,MIL,W3-1,38,36,3,9,3,0,1,3,2,0,10,0,0,0,0,0,0,0,.258,.332,.407,.739,8,15,R,C.Anderson (40)
153,153,Sep 19,@,MIL,L0-7,32,28,0,2,0,0,0,0,4,0,9,0,0,0,0,1,1,0,.257,.331,.405,.736,5,16,L,G.Gonzalez (71)
154,154,Sep 20,@,MIA,W4-2,38,33,4,8,1,0,1,4,5,0,6,0,0,0,0,2,1,0,.257,.331,.405,.736,7,13,R,J.Brigham (55)
155,155,Sep 21,@,MIA,L0-1,34,33,0,3,2,0,0,0,1,0,11,0,0,0,0,0,0,0,.256,.330,.404,.733,4,11,L,W.Chen (79)
156,156,Sep 22,@,MIA,L1-5,34,32,1,6,0,0,1,1,1,0,2,1,0,0,0,0,0,1,.255,.329,.403,.732,6,15,R,J.Urena (64)
157,157,Sep 23,@,MIA,L0-6,31,30,0,4,0,0,0,0,1,0,9,0,0,0,0,1,0,0,.255,.328,.401,.730,4,15,R,T.Richards (79)
158,158,Sep 25,,KCR,L3-4,39,36,3,9,0,1,1,3,3,1,7,0,0,0,0,0,1,0,.254,.328,.401,.729,9,15,L,E.Skoglund (56)
159,159,Sep 26,,KCR,L1-6,34,31,1,5,0,0,1,1,3,0,11,0,0,0,0,1,0,0,.254,.328,.400,.728,6,17,R,H.Fillmyer (73)
160,160,Sep 28,,PIT,L4-8,44,38,4,13,1,1,2,4,5,1,10,0,1,0,0,1,2,0,.255,.328,.402,.730,13,19,R,N.Kingham (41)
161,161,Sep 29,,PIT,W3-0,30,29,3,7,1,1,1,3,0,0,12,0,0,1,0,0,0,1,.255,.328,.402,.730,3,16,R,J.Taillon (53)
162,162,Sep 30,,PIT,L5-6,41,35,5,5,1,0,2,3,5,0,16,1,0,0,1,1,2,0,.254,.328,.401,.729,6,22,R,C.Holmes (45)