Rk,Gtm,Date,,Opp,Rslt,PA,AB,R,H,2B,3B,HR,RBI,BB,IBB,SO,HBP,SH,SF,ROE,GDP,SB,CS,BA,OBP,SLG,OPS,LOB,#,Thr,Opp. Starter (GmeSc)
1,1,Mar 30,,PIT,L10-13,62,53,10,14,7,0,0,9,9,0,9,0,0,0,2,1,0,0,.264,.371,.396,.767,13,10,R,I.Nova (48)
2,2,Apr 1 (1),,PIT,L0-1,32,26,0,2,1,0,0,0,6,0,5,0,0,0,0,2,0,1,.203,.330,.304,.634,5,9,R,T.Williams (68)
3,3,Apr 1 (2),,PIT,L6-8,41,39,6,12,4,2,1,6,2,0,9,0,0,0,0,0,0,0,.237,.333,.398,.732,8,10,R,C.Kuhl (41)
4,4,Apr 2,,KCR,W6-1,38,34,6,10,2,1,0,6,3,2,6,0,0,1,1,0,0,0,.250,.335,.401,.737,8,9,R,J.Hammel (33)
5,5,Apr 3,,KCR,L0-1,31,30,0,3,0,0,0,0,1,0,8,0,0,0,1,0,0,0,.225,.304,.352,.656,4,9,R,J.Junis (76)
6,6,Apr 5,@,CHW,W9-7,48,45,9,17,3,0,1,9,2,0,6,0,0,1,1,2,1,1,.256,.321,.383,.705,9,11,R,J.Shields (39)
7,7,Apr 7,@,CHW,W6-1,45,33,6,6,2,0,0,6,8,0,9,4,0,0,0,0,4,0,.246,.333,.365,.699,12,11,R,L.Giolito (42)
8,8,Apr 8,@,CHW,W1-0,33,27,1,2,0,0,0,1,5,0,9,0,0,1,0,0,2,1,.230,.321,.338,.659,5,9,R,R.Lopez (71)
9,9,Apr 9,@,CLE,L0-2,30,28,0,2,0,0,0,0,1,0,14,1,0,0,0,1,0,0,.216,.306,.314,.620,3,10,R,C.Kluber (90)
10,10,Apr 10,@,CLE,L1-2,36,33,1,6,3,0,0,1,2,0,7,1,0,0,0,0,1,0,.213,.301,.310,.611,8,10,R,J.Tomlin (60)
11,11,Apr 11,@,CLE,L1-5,31,29,1,3,1,0,1,1,2,0,6,0,0,0,0,0,0,1,.204,.290,.305,.595,3,10,R,C.Carrasco (81)
12,12,Apr 12,@,CLE,L3-9,41,38,3,9,3,0,0,3,2,0,7,1,0,0,2,0,0,0,.207,.291,.306,.597,11,10,R,T.Bauer (60)
13,13,Apr 13,,NYY,L6-8,39,38,6,12,3,0,2,6,0,0,11,0,0,1,0,0,0,0,.216,.292,.327,.619,6,11,L,J.Montgomery (54)
14,14,Apr 17,,BAL,W4-2,36,31,4,9,1,1,1,3,5,1,7,0,0,0,0,2,0,0,.221,.298,.337,.635,8,11,R,A.Cashner (48)
15,15,Apr 18,,BAL,W6-5,36,36,6,13,2,0,4,6,0,0,7,0,0,0,0,1,0,0,.231,.302,.365,.668,6,10,R,K.Gausman (50)
16,16,Apr 19,,BAL,W13-8,45,42,13,18,3,2,2,13,2,0,7,1,0,0,1,0,0,0,.246,.314,.393,.707,8,11,R,A.Cobb (19)
17,17,Apr 20 (1),,KCR,W3-2,34,31,3,6,3,0,1,3,2,0,4,0,0,1,0,1,1,0,.243,.310,.393,.703,3,10,R,J.Hammel (71)
18,18,Apr 20 (2),,KCR,L2-3,33,31,2,5,1,1,0,2,1,0,4,0,0,1,0,0,1,0,.239,.304,.386,.690,4,11,R,J.Junis (69)
19,19,Apr 21,,KCR,W12-4,48,39,12,16,2,0,2,12,8,0,4,0,0,1,1,1,0,0,.249,.317,.400,.716,12,10,L,D.Duffy (20)
20,20,Apr 22,,KCR,L5-8,36,32,5,8,2,0,0,5,2,0,6,1,0,1,0,2,0,0,.249,.316,.396,.712,4,9,L,E.Skoglund (44)
21,21,Apr 25 (1),@,PIT,W13-10,52,48,13,20,6,0,4,11,3,2,11,0,0,1,2,0,0,0,.260,.324,.421,.745,12,18,R,J.Taillon (16)
22,22,Apr 25 (2),@,PIT,L3-8,34,32,3,7,2,1,1,3,2,0,9,0,0,0,0,0,2,0,.258,.322,.422,.744,4,15,R,C.Kuhl (55)
23,23,Apr 26,@,PIT,L0-1,35,34,0,8,1,1,0,0,1,0,5,0,0,0,1,1,0,1,.257,.319,.418,.737,8,15,R,I.Nova (75)
24,24,Apr 27,@,BAL,L0-6,32,29,0,2,1,0,0,0,2,0,7,1,0,0,0,0,0,0,.251,.314,.407,.720,5,9,R,C.Tillman (78)
25,25,Apr 28,@,BAL,W9-5,45,41,9,13,3,0,2,9,4,1,10,0,0,0,1,0,1,0,.254,.317,.413,.730,9,9,R,A.Cashner (23)
26,26,Apr 29,@,BAL,L3-5,37,34,3,8,3,0,1,3,3,0,11,0,0,0,0,0,0,0,.253,.316,.413,.729,7,11,R,K.Gausman (56)
27,27,Apr 30,,TBR,L2-3,34,30,2,5,2,0,0,2,2,0,7,2,0,0,0,1,1,0,.250,.314,.407,.721,5,11,R,J.Faria (81)
28,28,May 1,,TBR,W2-1,32,30,2,7,2,0,0,2,2,1,7,0,0,0,0,0,0,0,.250,.313,.404,.717,6,9,R,C.Archer (57)
29,29,May 2,,TBR,W3-2,42,40,3,9,1,1,1,3,1,0,8,0,1,0,0,0,0,0,.249,.311,.403,.713,6,11,L,B.Snell (59)
30,30,May 3,@,KCR,L6-10,44,41,6,15,3,0,1,6,3,0,11,0,0,0,0,0,0,0,.253,.314,.407,.721,11,10,L,E.Skoglund (31)
31,31,May 4,@,KCR,L2-4,36,34,2,9,2,0,0,2,2,1,8,0,0,0,0,1,0,1,.254,.314,.404,.719,7,10,R,I.Kennedy (66)
32,32,May 5,@,KCR,W3-2,40,37,3,12,5,1,0,3,3,0,6,0,0,0,0,1,0,1,.256,.316,.408,.724,10,9,R,J.Hammel (46)
33,33,May 6,@,KCR,L2-4,38,36,2,10,1,0,1,2,2,0,8,0,0,0,0,1,0,0,.257,.316,.407,.723,9,10,R,J.Junis (60)
34,34,May 7,@,TEX,L6-7,44,41,6,13,4,0,1,5,3,0,9,0,0,0,2,1,0,0,.259,.318,.410,.728,11,10,L,M.Moore (34)
35,35,May 8,@,TEX,W7-4,40,34,7,9,2,0,3,7,3,0,5,2,0,1,1,1,0,1,.259,.319,.415,.734,6,10,L,M.Minor (47)
36,36,May 9,@,TEX,L4-5,44,39,4,10,3,1,1,4,3,0,14,0,1,1,2,1,0,0,.259,.318,.416,.735,10,12,R,B.Colon (48)
37,37,May 12 (1),,SEA,W4-3,34,32,4,12,2,0,1,4,2,0,5,0,0,0,0,3,0,1,.262,.320,.419,.740,6,10,L,M.Gonzales (37)
38,38,May 12 (2),,SEA,L5-9,40,36,5,9,2,0,1,5,2,0,11,2,0,0,0,0,1,0,.261,.320,.418,.739,8,10,R,F.Hernandez (36)
39,39,May 13,,SEA,W5-4,35,34,5,10,1,0,1,5,0,0,4,1,0,0,0,0,1,0,.262,.320,.418,.739,6,9,L,J.Paxton (52)
40,40,May 14,,CLE,W6-3,37,32,6,8,2,0,2,6,5,1,6,0,0,0,0,0,2,0,.262,.321,.420,.741,7,9,R,C.Carrasco (52)
41,41,May 15,,CLE,W9-8,37,34,9,10,4,0,2,9,3,0,6,0,0,0,0,0,0,0,.263,.322,.424,.746,4,11,R,J.Tomlin (44)
42,42,May 16,,CLE,L0-6,30,30,0,5,1,0,0,0,0,0,13,0,0,0,0,2,0,0,.261,.319,.420,.738,3,10,R,T.Bauer (84)
43,43,May 17,@,SEA,W3-2,40,37,3,9,2,0,0,2,2,0,4,1,0,0,2,1,0,0,.260,.318,.417,.735,10,10,L,M.Gonzales (58)
44,44,May 18,@,SEA,L4-5,36,33,4,7,3,0,0,4,3,0,6,0,0,0,1,1,3,1,.259,.318,.414,.732,5,11,R,F.Hernandez (47)
45,45,May 19,@,SEA,L2-7,30,28,2,3,1,0,1,2,1,0,8,0,0,1,0,0,1,0,.257,.314,.411,.726,1,9,L,J.Paxton (80)
46,46,May 20,@,SEA,L2-3,42,41,2,10,2,0,1,2,1,0,12,0,0,0,0,1,1,0,.256,.313,.410,.723,7,11,L,W.LeBlanc (50)
47,47,May 21,@,MIN,L2-4,31,29,2,3,1,0,1,2,2,0,9,0,0,0,0,1,0,0,.254,.310,.407,.718,2,9,R,J.Berrios (75)
48,48,May 22,@,MIN,L0-6,35,33,0,7,1,0,0,0,1,0,8,1,0,0,1,2,0,0,.253,.309,.404,.713,8,11,R,L.Lynn (67)
49,49,May 23,@,MIN,W4-1,37,34,4,10,2,0,1,4,2,0,6,0,0,1,0,2,0,0,.254,.310,.405,.714,6,9,R,K.Gibson (50)
50,50,May 25,,CHW,W5-4,32,29,5,9,3,0,0,4,3,0,4,0,0,0,0,2,0,0,.254,.311,.405,.716,3,10,R,R.Lopez (59)
51,51,May 26,,CHW,L4-8,41,38,4,10,1,1,2,3,3,0,6,0,0,0,2,0,1,0,.255,.311,.407,.718,10,11,L,H.Santiago (47)
52,52,May 27,,CHW,W3-2,32,29,3,6,1,0,0,3,3,0,5,0,0,0,0,1,0,0,.254,.311,.404,.715,5,10,R,J.Shields (56)
53,53,May 28,,LAA,W9-3,38,34,9,12,3,1,2,8,4,0,7,0,0,0,0,1,0,0,.256,.313,.409,.722,5,10,L,T.Skaggs (37)
54,54,May 29,,LAA,L2-9,38,36,2,10,2,0,2,2,1,0,7,1,0,0,0,0,0,1,.256,.313,.411,.724,9,9,R,N.Tropeano (51)
55,55,May 30,,LAA,W6-1,40,34,6,9,2,0,0,6,5,0,9,1,0,0,0,0,1,0,.256,.314,.409,.723,10,10,R,S.Ohtani (59)
56,56,May 31,,LAA,W6-2,39,35,6,12,5,1,0,6,2,0,6,2,0,0,0,1,1,0,.258,.316,.412,.727,9,10,L,A.Heaney (33)
57,57,Jun 1,,TOR,W5-2,34,33,5,11,2,1,1,5,1,0,6,0,0,0,0,1,1,1,.259,.316,.414,.730,5,9,L,J.Garcia (26)
58,58,Jun 2,,TOR,W7-4,36,32,7,9,4,0,1,7,3,1,10,0,0,1,0,0,1,0,.259,.316,.415,.732,5,11,L,J.Happ (47)
59,59,Jun 3,,TOR,L4-8,37,33,4,6,1,0,1,3,4,0,12,0,0,0,0,0,1,0,.258,.316,.414,.729,6,10,R,A.Sanchez (68)
60,60,Jun 4 (1),,NYY,L4-7,36,35,4,6,3,0,0,4,0,0,11,1,0,0,2,0,0,0,.257,.314,.411,.725,5,10,R,L.Severino (78)
61,61,Jun 4 (2),,NYY,W4-2,38,31,4,8,5,0,0,4,5,0,4,1,0,1,0,0,0,0,.257,.315,.411,.726,10,11,R,D.German (45)
62,62,Jun 5,@,BOS,L0-6,31,28,0,3,1,0,0,0,3,0,6,0,0,0,0,1,0,0,.255,.313,.407,.721,4,10,R,S.Wright (76)
63,63,Jun 6,@,BOS,L1-7,38,35,1,7,0,1,0,1,3,0,7,0,0,0,0,0,0,0,.254,.312,.405,.717,10,9,L,E.Rodriguez (59)
64,64,Jun 7,@,BOS,W7-2,40,37,7,10,3,1,1,7,3,0,11,0,0,0,0,0,0,0,.254,.313,.406,.719,6,9,L,J.Beeks (25)
65,65,Jun 8,,CLE,L1-4,36,34,1,7,3,0,0,1,2,0,14,0,0,0,0,0,1,0,.253,.312,.405,.716,8,10,R,T.Bauer (75)
66,66,Jun 9,,CLE,W4-2,49,45,4,10,0,1,1,4,4,1,8,0,0,0,0,0,3,0,.253,.311,.403,.714,10,10,R,M.Clevinger (60)
67,67,Jun 10,,CLE,L2-9,32,32,2,5,1,0,1,2,0,0,10,0,0,0,1,0,0,0,.252,.309,.402,.711,3,9,R,C.Kluber (72)
68,68,Jun 12,,MIN,L4-6,41,34,4,7,1,1,0,3,5,0,10,1,0,1,1,0,1,0,.251,.309,.400,.709,10,10,R,J.Odorizzi (51)
69,69,Jun 13,,MIN,W5-2,38,36,5,12,2,0,1,4,1,0,8,1,0,0,0,0,1,0,.252,.310,.401,.711,9,10,R,J.Berrios (60)
70,70,Jun 14,,MIN,W3-1,32,29,3,6,0,1,1,3,1,0,10,1,0,1,1,1,1,0,.252,.309,.401,.710,5,10,R,L.Lynn (60)
71,71,Jun 15,@,CHW,W4-3,40,37,4,10,1,0,1,4,2,0,8,1,0,0,1,1,2,1,.252,.310,.401,.710,9,10,R,R.Lopez (45)
72,72,Jun 16,@,CHW,W7-5,42,37,7,10,1,0,2,7,5,0,13,0,0,0,0,0,0,0,.252,.310,.401,.712,8,11,R,L.Giolito (40)
73,73,Jun 17,@,CHW,W3-1,36,31,3,6,2,0,1,3,5,0,7,0,0,0,0,0,0,1,.251,.310,.401,.711,6,9,R,J.Shields (49)
74,74,Jun 19,@,CIN,L5-9,41,32,5,9,1,0,0,5,7,0,8,0,0,2,0,1,1,0,.252,.311,.400,.711,9,15,R,S.Romano (71)
75,75,Jun 20,@,CIN,L3-5,39,34,3,8,0,0,2,3,4,1,10,0,1,0,0,0,1,0,.252,.312,.400,.711,9,15,R,T.Mahle (58)
76,76,Jun 22,@,CLE,L0-10,32,31,0,5,1,0,0,0,1,0,10,0,0,0,1,2,0,0,.250,.310,.397,.708,5,12,R,S.Bieber (77)
77,77,Jun 23,@,CLE,L1-4,36,31,1,5,0,0,0,0,3,0,16,2,0,0,0,0,2,1,.249,.310,.395,.704,8,9,R,T.Bauer (68)
78,78,Jun 24,@,CLE,L2-12,33,33,2,6,1,0,0,2,0,0,7,0,0,0,0,1,0,0,.249,.308,.392,.701,4,10,R,A.Plutko (56)
79,79,Jun 25,,OAK,L4-5,39,37,4,10,3,0,1,4,0,0,10,0,2,0,1,0,0,0,.249,.308,.393,.701,8,11,R,E.Jackson (63)
80,80,Jun 26,,OAK,L7-9,45,38,7,12,3,1,0,7,7,1,6,0,0,0,0,1,0,0,.250,.310,.394,.703,11,11,R,F.Montas (17)
81,81,Jun 27,,OAK,L0-3,34,29,0,3,1,0,0,0,5,0,6,0,0,0,0,0,0,1,.248,.309,.391,.700,7,9,R,C.Bassitt (68)
82,82,Jun 28,,OAK,L2-4,33,31,2,5,1,0,1,2,2,0,6,0,0,0,0,1,0,0,.247,.308,.390,.698,4,9,L,S.Manaea (55)
83,83,Jun 29,@,TOR,L2-3,31,31,2,5,0,0,1,1,0,0,9,0,0,0,1,2,0,0,.246,.306,.389,.695,2,10,R,M.Stroman (67)
84,84,Jun 30,@,TOR,L3-4,36,32,3,7,1,0,2,3,3,0,6,0,1,0,1,0,0,2,.246,.306,.389,.695,6,11,R,S.Gaviglio (59)
85,85,Jul 1,@,TOR,W9-1,39,37,9,13,3,0,2,9,2,0,5,0,0,0,0,3,0,0,.247,.307,.392,.699,3,10,L,J.Happ (24)
86,86,Jul 2,@,TOR,W3-2,36,35,3,8,0,1,0,3,0,0,10,0,0,1,0,1,0,1,.247,.306,.390,.696,3,9,L,R.Borucki (65)
87,87,Jul 3,@,CHC,L3-5,35,34,3,8,1,0,0,3,1,0,7,0,0,0,1,2,0,0,.247,.305,.389,.694,5,13,R,K.Hendricks (42)
88,88,Jul 4,@,CHC,L2-5,38,33,2,9,3,0,2,2,4,0,8,0,1,0,0,0,0,1,.247,.306,.391,.697,9,14,L,J.Quintana (55)
89,89,Jul 5,,TEX,L5-7,39,38,5,12,1,0,1,5,1,0,7,0,0,0,3,3,0,1,.248,.306,.391,.697,7,10,R,Y.Gallardo (39)
90,90,Jul 6,,TEX,W3-1,29,29,3,5,0,0,2,3,0,0,3,0,0,0,0,0,0,0,.247,.305,.391,.696,2,9,R,B.Colon (63)
91,91,Jul 7,,TEX,W7-2,43,36,7,12,3,0,1,4,6,0,12,1,0,0,1,1,1,0,.248,.307,.392,.699,12,10,L,C.Hamels (22)
92,92,Jul 8,,TEX,L0-3,31,28,0,4,0,0,0,0,3,0,12,0,0,0,0,2,0,1,.248,.306,.390,.696,4,9,R,A.Bibens-Dirkx (66)
93,93,Jul 9,@,TBR,L9-10,50,42,9,13,4,0,0,8,5,0,7,2,0,1,1,1,0,0,.248,.307,.390,.698,11,11,R,C.Archer (37)
94,94,Jul 10,@,TBR,L2-5,33,31,2,5,1,0,0,2,1,0,9,1,0,0,0,0,0,1,.248,.307,.388,.695,4,10,R,R.Stanek (56)
95,95,Jul 11,@,TBR,L2-4,35,34,2,7,2,0,1,2,1,0,14,0,0,0,0,0,0,0,.247,.306,.388,.694,6,9,R,H.Wood (51)
96,96,Jul 13,@,HOU,L0-3,36,33,0,7,1,0,0,0,3,0,8,0,0,0,1,2,0,0,.247,.306,.387,.692,9,9,L,D.Keuchel (63)
97,97,Jul 14,@,HOU,L1-9,35,31,1,3,1,0,0,1,4,0,10,0,0,0,1,0,1,0,.245,.305,.384,.689,7,10,R,G.Cole (63)
98,98,Jul 15,@,HOU,W6-3,33,32,6,6,0,0,4,6,0,0,16,0,0,1,0,0,0,0,.245,.303,.386,.689,0,9,R,J.Verlander (50)
99,99,Jul 20,,BOS,L0-1,36,33,0,5,0,0,0,0,2,0,11,1,0,0,0,0,0,0,.244,.303,.384,.686,9,11,L,D.Price (69)
100,100,Jul 21,,BOS,W5-0,33,31,5,7,1,0,1,5,1,0,9,0,0,1,1,0,0,0,.244,.302,.383,.685,4,9,L,B.Johnson (58)
101,101,Jul 22,,BOS,L1-9,35,32,1,5,1,0,1,1,2,0,10,1,0,0,1,0,0,0,.243,.301,.382,.684,7,10,L,C.Sale (77)
102,102,Jul 23,@,KCR,W5-4,38,35,5,9,3,0,0,4,3,1,6,0,0,0,1,2,0,0,.243,.302,.382,.683,6,10,R,H.Fillmyer (66)
103,103,Jul 24,@,KCR,L4-5,32,30,4,3,0,1,1,4,2,0,8,0,0,0,1,0,0,1,.242,.300,.381,.681,1,10,R,B.Smith (67)
104,104,Jul 25,@,KCR,W8-4,42,37,8,11,2,0,1,6,4,0,10,0,1,0,0,0,0,0,.242,.301,.381,.683,7,10,L,D.Duffy (27)
105,105,Jul 27,,CLE,L3-8,38,35,3,10,3,0,1,3,3,0,9,0,0,0,1,1,1,0,.243,.301,.382,.684,8,10,R,C.Carrasco (57)
106,106,Jul 28,,CLE,W2-1,33,31,2,6,1,0,1,2,2,0,11,0,0,0,1,0,3,0,.242,.301,.382,.683,7,10,R,M.Clevinger (56)
107,107,Jul 29,,CLE,L1-8,32,31,1,5,2,0,0,1,1,0,5,0,0,0,0,0,0,1,.242,.300,.380,.680,4,9,R,C.Kluber (68)
108,108,Jul 31,,CIN,W2-1,28,27,2,3,1,0,1,2,1,0,6,0,0,0,0,0,0,0,.241,.299,.379,.678,2,9,R,H.Bailey (73)
109,109,Aug 1,,CIN,W7-4,38,36,7,14,3,0,1,6,1,0,4,0,1,0,0,1,2,0,.242,.300,.381,.681,7,10,R,S.Romano (39)
110,110,Aug 3,@,OAK,L0-1,44,43,0,6,1,0,0,0,1,0,10,0,0,0,0,1,3,0,.241,.298,.379,.677,5,9,L,B.Anderson (74)
111,111,Aug 4,@,OAK,L1-2,32,31,1,7,1,0,0,1,1,0,6,0,0,0,1,2,0,1,.241,.298,.378,.676,4,11,R,E.Jackson (63)
112,112,Aug 5,@,OAK,L0-6,34,32,0,5,1,0,0,0,2,0,12,0,0,0,1,1,0,0,.240,.297,.376,.673,7,9,R,T.Cahill (75)
113,113,Aug 6,@,LAA,L2-6,32,28,2,3,0,0,1,2,4,0,7,0,0,0,0,1,0,1,.239,.297,.375,.672,3,9,R,N.Tropeano (64)
114,114,Aug 7,@,LAA,L5-11,36,33,5,9,3,0,1,4,3,0,7,0,0,0,0,1,0,0,.239,.297,.376,.673,4,10,L,A.Heaney (35)
115,115,Aug 8,@,LAA,L0-6,33,32,0,5,1,0,0,0,1,0,9,0,0,0,0,0,0,0,.239,.296,.374,.670,6,9,R,J.Barria (63)
116,116,Aug 10,,MIN,W5-3,31,27,5,4,0,1,2,5,3,0,6,0,0,1,0,0,0,0,.238,.296,.375,.670,2,9,R,E.Santana (47)
117,117,Aug 11,,MIN,L3-4,37,34,3,9,0,1,1,3,3,0,6,0,0,0,0,1,0,1,.238,.296,.375,.671,7,10,R,K.Gibson (61)
118,118,Aug 12,,MIN,W4-2,34,30,4,9,1,0,0,4,2,0,4,1,0,1,0,2,1,0,.239,.296,.375,.671,6,10,R,K.Stewart (35)
119,119,Aug 13,,CHW,W9-5,40,34,9,12,4,0,1,8,4,1,6,1,0,1,0,1,0,0,.240,.297,.376,.674,7,9,R,R.Lopez (38)
120,120,Aug 14,,CHW,L3-6,39,37,3,9,2,0,0,3,2,0,13,0,0,0,0,0,0,0,.240,.297,.375,.673,9,11,R,L.Giolito (50)
121,121,Aug 15,,CHW,L5-6,36,33,5,8,1,0,0,5,2,0,7,1,0,0,1,3,0,0,.240,.297,.375,.672,4,11,L,C.Rodon (65)
122,122,Aug 16,@,MIN,L8-15,43,37,8,10,3,0,4,8,6,0,6,0,0,0,0,0,0,0,.240,.298,.377,.675,8,10,R,E.Santana (19)
123,123,Aug 17,@,MIN,L4-5,37,32,4,10,3,0,0,3,4,1,8,0,1,0,0,4,0,0,.241,.299,.377,.676,6,11,R,K.Gibson (51)
124,124,Aug 18,@,MIN,W7-5,42,34,7,6,3,0,1,6,6,0,8,2,0,0,0,0,0,0,.240,.299,.377,.676,8,9,R,K.Stewart (38)
125,125,Aug 19,@,MIN,L4-5,40,34,4,8,3,0,0,3,6,0,10,0,0,0,0,1,0,0,.240,.300,.377,.676,9,10,R,J.Odorizzi (48)
126,126,Aug 21,,CHC,W2-1,32,31,2,11,2,0,0,2,1,0,4,0,0,0,0,0,0,1,.241,.300,.377,.677,6,9,R,K.Hendricks (51)
127,127,Aug 22,,CHC,L2-8,37,34,2,8,1,0,0,2,3,0,6,0,0,0,1,1,0,0,.241,.300,.376,.676,8,10,L,J.Lester (53)
128,128,Aug 23,,CHW,W7-2,35,32,7,10,3,0,3,7,1,0,7,1,0,1,0,0,0,0,.241,.300,.379,.679,4,9,R,J.Shields (30)
129,129,Aug 24,,CHW,L3-6,39,36,3,8,1,0,0,2,3,0,13,0,0,0,2,1,1,0,.241,.300,.378,.678,9,10,R,R.Lopez (57)
130,130,Aug 25,,CHW,L1-6,32,31,1,4,1,0,1,1,1,0,6,0,0,0,0,0,1,0,.241,.299,.377,.676,4,9,R,L.Giolito (72)
131,131,Aug 26,,CHW,L2-7,41,38,2,12,3,0,1,2,1,0,6,2,0,0,0,1,0,0,.241,.300,.378,.677,12,10,R,M.Kopech (58)
132,132,Aug 28,@,KCR,L2-6,32,30,2,6,1,0,1,2,0,0,7,1,0,1,0,2,0,0,.241,.299,.377,.677,3,9,R,J.Junis (74)
133,133,Aug 29,@,KCR,L2-9,35,31,2,3,0,0,1,2,4,0,11,0,0,0,1,0,0,0,.240,.299,.376,.675,6,10,L,D.Duffy (67)
134,134,Aug 30,@,NYY,W8-7,43,42,8,13,2,0,5,8,1,0,12,0,0,0,1,0,1,0,.241,.299,.379,.678,8,9,L,J.Happ (26)
135,135,Aug 31,@,NYY,L5-7,40,37,5,12,1,1,1,5,2,0,14,0,0,1,0,0,0,0,.241,.299,.380,.679,8,11,R,L.Severino (58)
136,136,Sep 1,@,NYY,L1-2,36,33,1,9,1,0,0,1,1,0,8,0,1,1,0,1,1,0,.241,.299,.379,.679,8,10,R,M.Tanaka (64)
137,137,Sep 2,@,NYY,W11-7,45,41,11,17,4,1,2,11,4,0,11,0,0,0,0,2,0,0,.243,.301,.382,.683,7,9,R,L.Lynn (24)
138,138,Sep 3,@,CHW,L2-4,33,32,2,5,0,1,2,2,0,0,8,1,0,0,0,0,0,0,.242,.300,.382,.682,4,9,R,R.Lopez (71)
139,139,Sep 4,@,CHW,W8-3,41,37,8,11,2,0,1,8,3,0,16,1,0,0,0,0,2,0,.243,.300,.383,.683,6,10,R,L.Giolito (29)
140,140,Sep 5,@,CHW,W10-2,47,43,10,16,3,0,4,10,4,0,12,0,0,0,0,0,1,0,.244,.302,.386,.687,10,10,R,M.Kopech (19)
141,141,Sep 7,,STL,W5-3,37,32,5,8,1,0,1,5,4,1,10,0,1,0,1,1,1,0,.244,.302,.386,.688,7,9,L,A.Gomber (51)
142,142,Sep 8,,STL,W4-3,39,29,4,6,0,0,0,2,8,1,7,0,1,1,2,2,0,0,.244,.302,.385,.687,10,9,R,J.Flaherty (49)
143,143,Sep 9,,STL,L2-5,34,31,2,5,4,0,0,2,3,0,7,0,0,0,0,0,1,0,.243,.302,.384,.686,5,10,R,J.Gant (61)
144,144,Sep 10,,HOU,L2-3,34,32,2,7,2,0,0,2,1,0,11,0,0,1,1,0,0,0,.243,.301,.383,.685,5,10,R,J.Verlander (66)
145,145,Sep 11,,HOU,L4-5,38,33,4,7,2,0,1,4,5,0,12,0,0,0,0,1,0,0,.243,.301,.383,.685,7,12,L,F.Valdez (35)
146,146,Sep 12,,HOU,L4-5,38,33,4,5,1,0,2,4,5,0,14,0,0,0,1,0,0,0,.242,.301,.383,.684,7,10,R,G.Cole (58)
147,147,Sep 14,@,CLE,W5-4,39,36,5,11,5,0,1,4,2,0,7,0,1,0,0,1,1,0,.243,.301,.384,.686,7,11,R,J.Tomlin (45)
148,148,Sep 15,@,CLE,L0-15,32,28,0,2,0,0,0,0,4,0,9,0,0,0,0,0,0,0,.242,.301,.382,.683,5,13,R,M.Clevinger (72)
149,149,Sep 16,@,CLE,W6-4,39,38,6,12,0,0,2,6,0,0,6,0,0,1,0,0,2,0,.242,.301,.383,.684,6,9,R,S.Bieber (38)
150,150,Sep 17,,MIN,L1-6,35,31,1,5,1,0,0,0,4,0,7,0,0,0,0,1,0,0,.242,.301,.382,.683,7,10,L,G.Moya (52)
151,151,Sep 18,,MIN,L3-5,34,33,3,6,0,1,0,3,1,0,11,0,0,0,0,0,0,0,.241,.300,.381,.681,4,11,R,J.Odorizzi (62)
152,152,Sep 19,,MIN,L2-8,32,28,2,4,1,0,0,2,2,0,7,1,0,1,0,2,0,0,.241,.300,.380,.680,3,9,L,G.Moya (52)
153,153,Sep 20,,KCR,W11-8,43,37,11,14,4,1,3,11,5,0,3,0,0,1,1,1,0,0,.242,.301,.383,.684,8,11,R,J.Lopez (9)
154,154,Sep 21,,KCR,L3-4,36,35,3,9,2,0,1,3,1,0,9,0,0,0,1,2,0,0,.242,.300,.383,.684,6,12,R,I.Kennedy (59)
155,155,Sep 22,,KCR,W5-4,37,35,5,11,2,1,1,4,1,0,8,0,1,0,1,0,0,0,.242,.301,.384,.685,8,10,R,J.Junis (52)
156,156,Sep 23,,KCR,L2-3,36,30,2,6,0,0,0,2,4,0,3,0,0,2,0,1,0,0,.242,.301,.383,.683,7,11,R,B.Keller (66)
157,157,Sep 25,@,MIN,W4-2,37,35,4,6,1,0,0,4,2,0,8,0,0,0,2,0,2,0,.242,.300,.382,.682,6,11,L,G.Moya (52)
158,158,Sep 26,@,MIN,L4-11,40,33,4,8,0,1,0,4,6,0,10,0,0,1,0,0,0,0,.242,.300,.381,.682,9,11,R,J.Odorizzi (29)
159,159,Sep 27,@,MIN,L3-9,42,34,3,8,0,0,0,3,7,0,6,0,0,1,0,0,0,0,.242,.301,.380,.681,12,9,L,G.Moya (45)
160,160,Sep 28,@,MIL,L5-6,36,33,5,7,0,0,1,5,1,0,10,2,0,0,0,1,0,0,.242,.301,.380,.680,4,16,R,Z.Davies (43)
161,161,Sep 29,@,MIL,L5-6,39,34,5,8,0,2,1,5,3,0,11,1,0,1,1,0,2,1,.242,.301,.380,.681,7,17,L,W.Miley (38)
162,162,Sep 30,@,MIL,L0-11,34,33,0,7,2,0,0,0,1,0,10,0,0,0,1,1,0,0,.241,.300,.380,.680,7,15,L,G.Gonzalez (62)