Rk,Gtm,Date,,Opp,Rslt,PA,AB,R,H,2B,3B,HR,RBI,BB,IBB,SO,HBP,SH,SF,ROE,GDP,SB,CS,BA,OBP,SLG,OPS,LOB,#,Thr,Opp. Starter (GmeSc)
1,1,Mar 29,,CHW,L7-14,39,36,7,9,3,0,1,6,2,0,2,1,0,0,0,0,0,0,.250,.308,.417,.724,5,10,R,J.Shields (45)
2,2,Mar 31,,CHW,L3-4,38,31,3,6,0,1,0,3,5,0,5,1,0,1,0,1,1,0,.224,.312,.343,.655,8,10,R,L.Giolito (49)
3,3,Apr 2,@,DET,L1-6,33,30,1,5,1,1,0,1,2,0,4,0,0,1,0,0,0,1,.206,.282,.320,.601,5,10,L,F.Liriano (63)
4,4,Apr 3,@,DET,W1-0,32,30,1,5,1,0,0,1,1,0,3,0,0,1,0,1,0,0,.197,.261,.291,.552,4,9,L,M.Boyd (61)
5,5,Apr 6,@,CLE,L2-3,35,31,2,7,1,0,0,2,3,1,9,0,1,0,0,2,0,0,.203,.267,.285,.552,6,9,R,C.Carrasco (57)
6,6,Apr 7,@,CLE,W1-0,32,30,1,3,0,0,1,1,2,0,9,0,0,0,0,0,2,0,.186,.250,.271,.521,4,9,R,T.Bauer (77)
7,7,Apr 8,@,CLE,L1-3,34,32,1,10,1,1,0,1,2,0,8,0,0,0,0,2,0,1,.205,.264,.291,.555,6,9,R,M.Clevinger (56)
8,8,Apr 9,,SEA,W10-0,44,37,10,13,4,0,1,9,5,0,8,2,0,0,0,0,1,0,.226,.294,.327,.621,10,9,L,M.Gonzales (28)
9,9,Apr 10,,SEA,L3-8,36,33,3,7,3,0,1,3,2,0,9,1,0,0,0,1,0,0,.224,.292,.334,.626,6,10,R,F.Hernandez (47)
10,10,Apr 11,,SEA,L2-4,37,34,2,7,1,0,0,2,2,0,12,1,0,0,1,0,0,1,.222,.290,.324,.614,8,10,L,J.Paxton (61)
11,11,Apr 12,,LAA,L1-7,36,34,1,9,2,0,0,1,2,0,8,0,0,0,0,1,0,0,.226,.291,.324,.615,8,9,R,N.Tropeano (66)
12,12,Apr 13,,LAA,L4-5,38,35,4,11,2,0,0,3,3,0,8,0,0,0,0,2,0,1,.234,.298,.328,.626,7,10,L,A.Heaney (45)
13,13,Apr 14,,LAA,L3-5,37,32,3,6,0,0,1,2,5,0,11,0,0,0,0,1,0,0,.231,.298,.325,.623,7,9,R,G.Richards (63)
14,14,Apr 17 (1),@,TOR,L3-11,37,35,3,11,2,0,2,2,1,0,7,1,0,0,0,1,0,2,.237,.302,.341,.643,7,11,L,J.Garcia (43)
15,15,Apr 17 (2),@,TOR,L4-5,46,40,4,10,2,0,2,4,4,0,8,2,0,0,0,0,0,0,.238,.306,.350,.656,12,9,R,J.Biagini (46)
16,16,Apr 18,@,TOR,L5-15,40,36,5,8,1,0,2,5,3,0,10,1,0,0,1,0,0,0,.237,.305,.354,.660,8,9,L,J.Happ (52)
17,17,Apr 20 (1),@,DET,L2-3,42,41,2,12,0,0,1,2,1,0,7,0,0,0,0,1,0,0,.241,.306,.355,.661,10,9,R,M.Fulmer (56)
18,18,Apr 20 (2),@,DET,W3-2,40,34,3,6,1,0,1,2,6,1,11,0,0,0,2,1,0,0,.237,.305,.352,.657,10,12,L,D.Norris (56)
19,19,Apr 21,@,DET,L4-12,39,37,4,11,2,0,0,4,1,0,1,0,0,1,1,1,0,0,.241,.305,.352,.657,8,9,R,M.Fiers (35)
20,20,Apr 22,@,DET,W8-5,41,33,8,7,1,0,3,8,8,0,7,0,0,0,0,1,1,0,.239,.309,.360,.668,6,9,L,F.Liriano (54)
21,21,Apr 24,,MIL,L2-5,35,30,2,6,1,0,1,2,4,0,4,0,0,1,0,1,0,0,.238,.308,.359,.666,6,9,R,Z.Davies (55)
22,22,Apr 25,,MIL,L2-6,35,33,2,7,2,0,1,2,2,0,7,0,0,0,0,1,1,0,.237,.305,.359,.664,6,9,R,J.Chacin (55)
23,23,Apr 26,,CHW,L3-6,41,38,3,12,3,0,1,3,2,0,6,1,0,0,0,1,0,0,.240,.308,.364,.673,11,9,R,L.Giolito (49)
24,24,Apr 27,,CHW,L4-7,47,44,4,12,2,0,1,2,1,0,4,2,0,0,1,2,0,0,.242,.309,.366,.674,10,9,R,R.Lopez (43)
25,25,Apr 28 (1),,CHW,L0-8,35,32,0,6,1,0,0,0,3,0,5,0,0,0,0,1,0,0,.240,.307,.360,.667,8,9,R,C.Fulmer (69)
26,26,Apr 28 (2),,CHW,W5-2,38,31,5,8,3,0,0,5,7,0,7,0,0,0,1,0,2,1,.241,.310,.360,.670,9,9,R,D.Covey (42)
27,27,Apr 29,,CHW,W5-4,39,33,5,12,1,0,2,5,4,0,7,1,1,0,0,2,1,0,.245,.315,.368,.683,10,11,L,H.Santiago (48)
28,28,Apr 30,@,BOS,L6-10,40,35,6,9,4,0,0,6,3,0,13,2,0,0,0,1,0,0,.246,.317,.368,.685,7,10,L,E.Rodriguez (35)
29,29,May 1,@,BOS,W7-6,58,51,7,15,2,0,2,6,3,0,11,2,0,2,1,1,1,1,.248,.318,.372,.690,12,12,L,C.Sale (65)
30,30,May 2,@,BOS,L4-5,37,33,4,10,3,0,1,4,2,0,10,1,0,1,0,2,0,0,.250,.319,.376,.695,6,10,L,D.Pomeranz (45)
31,31,May 3,,DET,W10-6,40,36,10,13,2,0,3,10,3,0,4,0,0,1,0,0,0,0,.253,.322,.385,.707,6,9,R,M.Fiers (30)
32,32,May 4,,DET,W4-2,30,26,4,6,0,0,0,3,3,1,5,0,0,1,0,3,1,0,.253,.321,.382,.703,2,10,L,F.Liriano (70)
33,33,May 5,,DET,L2-3,37,34,2,5,2,0,1,1,3,0,10,0,0,0,2,0,0,0,.250,.318,.379,.697,8,9,R,J.Zimmermann (65)
34,34,May 6,,DET,W4-2,30,28,4,7,2,0,0,4,1,0,6,0,0,1,0,2,4,0,.250,.317,.378,.695,2,10,L,M.Boyd (53)
35,35,May 8,@,BAL,W15-7,48,43,15,20,0,0,5,15,3,0,6,0,0,2,0,2,0,0,.257,.323,.393,.716,6,10,R,D.Bundy (10)
36,36,May 9,@,BAL,L3-5,37,34,3,8,2,0,1,3,3,1,5,0,0,0,1,2,2,0,.257,.322,.393,.715,7,10,R,A.Cashner (49)
37,37,May 10,@,BAL,L6-11,40,34,6,10,2,0,1,6,5,0,5,0,1,0,1,3,1,0,.258,.324,.394,.718,7,10,R,C.Tillman (21)
38,38,May 11,@,CLE,W10-9,47,43,10,15,6,0,1,10,4,0,8,0,0,0,2,1,0,0,.261,.327,.400,.726,10,9,R,T.Bauer (25)
39,39,May 12,@,CLE,L2-6,33,33,2,8,3,0,0,2,0,0,7,0,0,0,0,1,0,0,.260,.325,.398,.723,4,9,R,M.Clevinger (60)
40,40,May 13,@,CLE,L2-11,37,36,2,9,1,0,0,2,1,0,7,0,0,0,1,1,0,0,.260,.323,.395,.718,8,11,R,C.Kluber (61)
41,41,May 14,,TBR,L1-2,34,31,1,6,0,1,1,1,3,0,6,0,0,0,0,2,0,0,.259,.322,.394,.716,6,10,L,R.Yarbrough (54)
42,42,May 15,,TBR,L5-6,37,35,5,11,2,0,0,5,1,0,4,0,1,0,0,1,0,0,.260,.322,.393,.716,5,9,L,A.Banda (44)
43,43,May 16,,TBR,L3-5,39,32,3,8,3,0,0,3,4,0,8,1,0,2,1,1,1,0,.260,.323,.392,.715,9,9,R,J.Faria (41)
44,44,May 18,,NYY,W5-2,36,31,5,6,2,0,1,4,5,0,7,0,0,0,1,0,3,0,.258,.322,.392,.714,7,9,L,C.Sabathia (48)
45,45,May 19,,NYY,L3-8,36,32,3,9,4,0,0,3,3,0,10,0,1,0,0,1,0,0,.259,.323,.392,.715,6,10,R,L.Severino (48)
46,46,May 20,,NYY,L1-10,32,30,1,4,0,0,0,1,1,0,7,1,0,0,0,1,0,0,.256,.320,.387,.707,4,9,R,S.Gray (74)
47,47,May 21,@,STL,L0-6,31,29,0,4,0,0,0,0,1,0,9,1,0,0,0,2,0,0,.254,.318,.382,.700,4,12,R,M.Mikolas (87)
48,48,May 22,@,STL,W5-1,40,35,5,10,1,0,2,5,4,0,9,0,1,0,0,1,0,0,.255,.319,.385,.704,8,12,R,L.Weaver (58)
49,49,May 23,@,STL,W5-2,40,35,5,8,0,0,1,5,2,1,10,0,2,1,1,0,1,0,.254,.318,.383,.701,5,16,R,M.Wacha (66)
50,50,May 24,@,TEX,W8-2,42,37,8,11,2,0,0,6,2,0,8,2,1,0,0,0,0,0,.255,.319,.383,.701,7,9,R,A.Bibens-Dirkx (42)
51,51,May 25,@,TEX,L4-8,40,37,4,10,3,0,2,4,3,0,8,0,0,0,0,0,0,0,.256,.319,.385,.704,9,9,L,M.Minor (45)
52,52,May 26,@,TEX,L3-4,38,35,3,6,2,0,0,3,3,1,5,0,0,0,0,1,0,0,.254,.317,.382,.700,5,9,R,B.Colon (57)
53,53,May 27,@,TEX,W5-3,37,34,5,9,0,0,2,5,3,0,2,0,0,0,0,2,2,0,.254,.317,.383,.701,5,9,L,C.Hamels (36)
54,54,May 28,,MIN,L5-8,44,40,5,13,4,0,1,4,3,0,8,1,0,0,0,0,0,0,.256,.319,.386,.705,12,9,R,L.Lynn (54)
55,55,May 29,,MIN,W2-1,53,49,2,9,2,0,1,2,3,0,13,1,0,0,0,1,0,0,.254,.317,.383,.700,10,9,R,K.Gibson (74)
56,56,May 30,,MIN,W11-8,42,39,11,16,2,1,3,11,2,0,6,0,0,1,0,0,2,0,.257,.319,.390,.710,7,9,R,F.Romero (5)
57,57,Jun 1,,OAK,L0-16,34,32,0,8,2,1,0,0,0,0,4,2,0,0,0,3,0,0,.257,.319,.390,.709,7,12,R,F.Montas (70)
58,58,Jun 2,,OAK,W5-4,34,29,5,8,3,1,1,5,3,0,10,2,0,0,0,1,0,2,.257,.320,.393,.712,5,9,R,T.Cahill (38)
59,59,Jun 3,,OAK,L1-5,32,29,1,3,1,0,1,1,3,0,6,0,0,0,0,1,2,0,.255,.318,.390,.708,4,9,R,D.Gossett (58)
60,60,Jun 4,@,LAA,L6-9,41,39,6,12,4,0,1,6,2,0,7,0,0,0,0,0,1,0,.256,.318,.392,.711,8,9,R,N.Tropeano (30)
61,61,Jun 5,@,LAA,L0-1,30,28,0,1,0,0,0,0,1,0,4,1,0,0,0,0,0,0,.253,.316,.387,.703,3,9,L,A.Heaney (88)
62,62,Jun 6,@,LAA,L3-4,38,33,3,8,1,0,0,3,5,0,13,0,0,0,0,1,0,1,.253,.316,.386,.702,8,9,R,S.Ohtani (51)
63,63,Jun 7,@,OAK,L1-4,30,30,1,4,1,0,1,1,0,0,6,0,0,0,0,1,0,0,.251,.314,.384,.698,2,9,R,P.Blackburn (65)
64,64,Jun 8,@,OAK,L2-7,36,34,2,7,1,0,1,2,2,0,7,0,0,0,1,1,0,0,.251,.313,.383,.696,7,10,R,F.Montas (63)
65,65,Jun 9,@,OAK,W2-0,34,31,2,4,1,0,1,2,2,0,7,1,0,0,1,0,0,0,.249,.311,.381,.693,5,10,R,C.Bassitt (72)
66,66,Jun 10,@,OAK,L2-3,35,35,2,7,3,0,1,1,0,0,6,0,0,0,1,0,0,0,.248,.310,.381,.691,6,10,L,S.Manaea (64)
67,67,Jun 12,,CIN,L1-5,36,34,1,4,0,0,1,1,1,0,4,1,0,0,1,1,0,0,.246,.308,.379,.686,5,9,R,S.Romano (71)
68,68,Jun 13,,CIN,L0-7,33,30,0,5,2,0,0,0,3,0,1,0,0,0,0,2,0,0,.245,.307,.377,.684,6,9,R,T.Mahle (66)
69,69,Jun 15,,HOU,L3-7,35,31,3,5,2,0,0,3,4,0,14,0,0,0,0,1,0,0,.244,.306,.375,.681,5,10,R,C.Morton (57)
70,70,Jun 16,,HOU,L2-10,36,33,2,6,1,0,0,2,1,0,12,2,0,0,1,1,2,0,.243,.305,.373,.678,7,9,L,D.Keuchel (60)
71,71,Jun 17,,HOU,L4-7,36,32,4,6,2,0,1,3,4,0,11,0,0,0,1,1,0,0,.242,.305,.372,.677,5,11,R,L.McCullers (55)
72,72,Jun 18,,TEX,L3-6,36,34,3,9,1,1,0,3,1,0,3,0,0,1,1,1,0,0,.243,.305,.372,.677,6,9,R,B.Colon (42)
73,73,Jun 19,,TEX,L1-4,33,30,1,4,0,0,0,1,3,0,9,0,0,0,1,2,2,0,.241,.304,.369,.673,5,9,L,C.Hamels (71)
74,74,Jun 20,,TEX,L2-3,33,31,2,7,2,0,1,2,2,0,2,0,0,0,0,1,1,1,.241,.303,.369,.672,4,10,R,A.Bibens-Dirkx (59)
75,75,Jun 22,@,HOU,W1-0,40,36,1,9,3,1,0,1,4,1,11,0,0,0,0,0,1,0,.241,.303,.370,.673,12,10,L,D.Keuchel (64)
76,76,Jun 23,@,HOU,L3-4,42,40,3,5,0,0,1,3,2,0,16,0,0,0,1,1,0,1,.240,.301,.367,.668,3,10,R,L.McCullers (59)
77,77,Jun 24,@,HOU,L3-11,38,32,3,5,0,1,1,3,4,0,12,1,0,1,1,0,2,0,.239,.301,.366,.667,8,10,R,G.Cole (64)
78,78,Jun 25,,LAA,W2-0,31,28,2,9,3,0,0,2,3,0,9,0,0,0,0,2,0,3,.239,.302,.367,.669,5,9,L,T.Skaggs (65)
79,79,Jun 26,@,MIL,L1-5,33,30,1,3,2,0,1,1,3,0,11,0,0,0,0,0,0,0,.238,.301,.366,.666,5,13,R,F.Peralta (84)
80,80,Jun 27,@,MIL,W5-4,37,33,5,8,0,0,1,5,2,0,6,1,0,1,0,0,1,0,.238,.301,.365,.666,5,15,L,B.Suter (49)
81,81,Jun 29,@,SEA,L1-4,31,29,1,6,2,0,0,1,0,0,7,1,1,0,0,2,0,0,.238,.300,.364,.664,3,9,L,M.Gonzales (78)
82,82,Jun 30,@,SEA,L4-6,39,36,4,9,0,0,1,4,2,0,7,0,0,1,1,0,0,0,.238,.300,.364,.664,8,9,R,F.Hernandez (47)
83,83,Jul 1,@,SEA,L0-1,31,29,0,2,1,0,0,0,2,0,14,0,0,0,0,0,0,0,.236,.298,.361,.659,4,9,L,J.Paxton (87)
84,84,Jul 2,,CLE,L3-9,34,34,3,8,1,0,1,3,0,0,5,0,0,0,0,1,0,0,.236,.297,.361,.658,4,11,R,C.Kluber (51)
85,85,Jul 3,,CLE,L4-6,39,36,4,12,3,0,1,4,2,0,5,1,0,0,0,0,1,1,.237,.298,.363,.661,8,9,R,S.Bieber (39)
86,86,Jul 4,,CLE,L2-3,35,32,2,8,2,0,0,1,1,0,12,1,0,1,0,0,0,3,.237,.298,.362,.661,6,9,R,T.Bauer (66)
87,87,Jul 6,,BOS,L5-10,38,37,5,10,2,1,1,5,1,0,12,0,0,0,0,0,0,0,.238,.298,.364,.662,6,10,L,C.Sale (69)
88,88,Jul 7,,BOS,L4-15,40,34,4,6,2,0,1,4,2,0,13,3,0,1,1,0,0,0,.237,.298,.363,.661,9,10,L,D.Price (44)
89,89,Jul 8,,BOS,L4-7,40,39,4,12,4,0,0,4,1,0,13,0,0,0,0,0,0,0,.238,.298,.364,.662,9,9,R,R.Porcello (55)
90,90,Jul 9,@,MIN,L1-3,35,33,1,7,3,0,0,1,1,0,11,1,0,0,0,0,0,0,.238,.298,.363,.661,7,9,R,J.Berrios (69)
91,91,Jul 10,@,MIN,W9-4,45,40,9,15,2,1,2,9,4,0,8,1,0,0,0,1,1,1,.240,.300,.367,.666,9,10,R,A.Slegers (20)
92,92,Jul 11,@,MIN,L5-8,40,35,5,9,0,0,3,5,3,0,12,2,0,0,1,0,0,1,.240,.300,.368,.668,8,9,R,L.Lynn (46)
93,93,Jul 13,@,CHW,L6-9,41,35,6,7,2,0,0,5,3,0,9,2,0,1,2,0,0,0,.239,.300,.367,.667,8,9,R,J.Shields (57)
94,94,Jul 14,@,CHW,W5-0,35,35,5,9,0,1,2,5,0,0,9,0,0,0,0,0,2,0,.239,.300,.368,.668,3,9,R,R.Lopez (48)
95,95,Jul 15,@,CHW,L1-10,33,30,1,5,2,0,1,1,3,0,8,0,0,0,0,1,0,0,.239,.299,.368,.667,5,10,R,L.Giolito (72)
96,96,Jul 20,,MIN,W6-5,35,32,6,8,2,0,1,6,3,0,6,0,0,0,0,0,0,0,.239,.299,.368,.668,5,9,R,K.Gibson (43)
97,97,Jul 21,,MIN,W4-2,39,29,4,6,0,0,1,4,9,1,7,0,1,0,0,0,0,0,.239,.300,.368,.668,11,9,R,L.Lynn (49)
98,98,Jul 22,,MIN,W5-3,31,27,5,4,1,0,1,5,3,0,8,0,1,0,1,1,0,0,.238,.300,.367,.667,2,9,R,J.Odorizzi (69)
99,99,Jul 23,,DET,L4-5,44,39,4,12,4,0,0,4,3,0,8,1,1,0,1,0,1,0,.239,.301,.368,.668,13,12,L,F.Liriano (49)
100,100,Jul 24,,DET,W5-4,34,33,5,9,3,0,2,5,1,0,8,0,0,0,1,0,1,1,.239,.301,.369,.670,5,9,R,J.Zimmermann (40)
101,101,Jul 25,,DET,L4-8,39,39,4,11,2,1,0,4,0,0,8,0,0,0,1,0,1,0,.240,.300,.370,.670,8,9,L,M.Boyd (57)
102,102,Jul 26,@,NYY,L2-7,37,35,2,9,2,0,1,2,2,0,12,0,0,0,0,0,3,0,.240,.300,.370,.670,8,9,R,S.Gray (64)
103,103,Jul 28 (1),@,NYY,W10-5,41,36,10,11,3,0,2,10,3,0,8,1,0,1,0,0,1,1,.240,.301,.372,.673,4,9,R,L.Severino (27)
104,104,Jul 28 (2),@,NYY,L4-5,46,38,4,12,3,0,1,4,6,0,13,1,1,0,0,0,2,0,.241,.302,.373,.675,15,11,L,C.Sabathia (50)
105,105,Jul 29,@,NYY,L3-6,34,32,3,6,1,0,3,3,1,0,8,1,0,0,0,1,0,0,.241,.302,.374,.676,4,9,L,J.Happ (63)
106,106,Jul 31,@,CHW,W4-2,36,33,4,6,0,0,2,4,3,0,13,0,0,0,0,0,1,0,.240,.301,.374,.675,5,10,R,J.Shields (56)
107,107,Aug 1,@,CHW,W10-5,43,37,10,10,4,0,1,8,5,0,5,0,1,0,2,1,1,0,.240,.302,.375,.677,6,9,R,D.Covey (29)
108,108,Aug 2,@,CHW,L4-6,36,33,4,7,2,0,1,4,2,0,6,0,0,1,0,0,1,0,.240,.301,.375,.676,5,11,R,R.Lopez (61)
109,109,Aug 3,@,MIN,L4-6,37,35,4,10,0,0,1,4,0,0,10,1,0,1,0,1,1,0,.241,.301,.375,.676,6,9,R,J.Odorizzi (46)
110,110,Aug 4,@,MIN,L2-8,36,32,2,6,1,0,0,2,3,0,7,0,1,0,0,0,0,0,.240,.301,.373,.674,7,9,R,J.Berrios (62)
111,111,Aug 5,@,MIN,L5-6,41,39,5,12,1,0,2,5,2,0,10,0,0,0,1,0,4,1,.241,.301,.375,.676,9,11,R,E.Santana (39)
112,112,Aug 6,,CHC,L1-3,35,33,1,8,0,0,0,1,1,0,5,1,0,0,0,2,0,0,.241,.301,.373,.675,7,10,L,C.Hamels (55)
113,113,Aug 7,,CHC,L0-5,36,33,0,6,0,0,0,0,3,0,7,0,0,0,0,0,2,0,.240,.301,.372,.673,9,9,L,M.Montgomery (64)
114,114,Aug 8,,CHC,W9-0,37,32,9,9,2,1,1,8,4,0,5,0,0,1,0,0,0,0,.241,.301,.373,.674,4,9,L,J.Quintana (43)
115,115,Aug 10,,STL,L0-7,38,33,0,7,1,1,0,0,4,0,5,1,0,0,1,2,0,0,.240,.301,.372,.674,11,10,L,A.Gomber (61)
116,116,Aug 11,,STL,L3-8,34,29,3,5,0,0,1,2,5,0,10,0,0,0,0,2,0,0,.240,.301,.372,.673,4,9,R,J.Flaherty (69)
117,117,Aug 12,,STL,L2-8,34,31,2,5,1,0,0,2,2,0,9,1,0,0,1,1,0,0,.239,.301,.370,.671,5,9,R,T.Ross (58)
118,118,Aug 13,,TOR,W3-1,32,27,3,7,0,0,1,3,5,0,7,0,0,0,0,3,0,1,.240,.301,.370,.672,5,9,R,S.Reid-Foley (43)
119,119,Aug 14,,TOR,L5-6,40,36,5,12,6,0,0,5,4,1,8,0,0,0,0,2,4,1,.240,.302,.371,.674,8,9,L,R.Borucki (31)
120,120,Aug 15,,TOR,L5-6,35,33,5,7,0,1,3,5,2,0,5,0,0,0,0,1,0,0,.240,.302,.373,.675,3,10,R,M.Estrada (48)
121,121,Aug 16,,TOR,W6-2,37,34,6,12,2,1,1,6,2,1,6,0,1,0,0,0,0,0,.241,.303,.374,.677,7,9,R,S.Gaviglio (28)
122,122,Aug 17,@,CHW,L3-9,34,30,3,6,2,0,0,3,3,0,7,0,0,1,0,1,0,1,.241,.302,.373,.676,4,9,R,J.Shields (56)
123,123,Aug 18,@,CHW,W3-1,37,32,3,6,1,0,1,3,5,0,8,0,0,0,0,0,2,0,.240,.302,.373,.675,7,10,R,D.Covey (56)
124,124,Aug 19,@,CHW,L6-7,39,36,6,9,0,0,3,6,3,0,16,0,0,0,1,0,2,0,.240,.302,.374,.676,6,9,R,R.Lopez (24)
125,125,Aug 20,@,TBR,L0-1,34,32,0,6,1,0,0,0,2,0,10,0,0,0,0,1,0,0,.240,.302,.373,.675,7,10,R,H.Wood (53)
126,126,Aug 21,@,TBR,L1-4,36,34,1,8,3,0,1,1,2,0,16,0,0,0,0,0,0,1,.240,.302,.373,.675,8,9,L,B.Snell (70)
127,127,Aug 22,@,TBR,L3-6,33,33,3,7,2,0,2,3,0,0,8,0,0,0,0,0,0,0,.240,.301,.374,.675,3,9,R,R.Stanek (58)
128,128,Aug 23,@,TBR,L3-4,36,32,3,7,1,0,0,3,3,1,10,0,0,1,0,1,3,0,.240,.301,.373,.674,6,9,R,T.Glasnow (50)
129,129,Aug 24,,CLE,W5-4,34,30,5,6,1,0,3,5,3,0,9,1,0,0,0,0,0,0,.239,.301,.374,.675,5,9,R,M.Clevinger (58)
130,130,Aug 25,,CLE,W7-1,36,33,7,14,4,0,1,7,2,0,7,0,1,0,0,3,1,0,.241,.302,.376,.678,5,9,R,C.Kluber (34)
131,131,Aug 26,,CLE,L5-12,37,36,5,9,3,0,3,5,1,0,10,0,0,0,1,1,0,0,.241,.302,.378,.679,5,9,R,S.Bieber (47)
132,132,Aug 28,,DET,W6-2,36,31,6,10,2,0,1,5,3,0,6,0,0,2,0,0,1,1,.241,.302,.378,.681,6,9,L,M.Boyd (39)
133,133,Aug 29,,DET,W9-2,37,33,9,12,3,2,2,9,3,0,5,0,0,1,0,0,0,0,.242,.303,.381,.684,4,9,R,M.Fulmer (20)
134,134,Aug 31,,BAL,W9-2,42,35,9,14,1,0,3,8,5,0,5,0,0,2,0,1,3,0,.243,.304,.384,.688,9,9,R,A.Cashner (32)
135,135,Sep 1,,BAL,W5-4,37,34,5,10,2,0,2,5,2,0,8,0,1,0,1,1,2,0,.244,.304,.385,.689,7,9,R,D.Bundy (47)
136,136,Sep 2,,BAL,W9-1,40,36,9,14,4,1,0,7,3,0,7,1,0,0,0,3,1,0,.245,.306,.386,.692,7,9,R,D.Hess (29)
137,137,Sep 3,@,CLE,W5-1,38,38,5,11,2,0,4,5,0,0,12,0,0,0,0,0,1,0,.245,.305,.388,.694,6,9,R,A.Plutko (50)
138,138,Sep 4,@,CLE,L3-9,36,32,3,5,2,0,1,3,2,0,13,2,0,0,0,0,0,0,.245,.305,.388,.693,6,10,R,M.Clevinger (71)
139,139,Sep 5,@,CLE,L1-3,30,29,1,2,1,1,0,1,1,0,16,0,0,0,0,0,0,0,.244,.304,.386,.690,2,9,R,C.Kluber (75)
140,140,Sep 7,@,MIN,L6-10,43,35,6,10,2,0,1,6,7,0,6,0,1,0,0,0,0,1,.244,.305,.387,.691,10,10,L,S.Gonsalves (25)
141,141,Sep 8,@,MIN,W4-1,39,35,4,8,2,0,0,4,3,0,9,1,0,0,0,0,3,0,.244,.305,.386,.691,8,9,R,J.Berrios (65)
142,142,Sep 9,@,MIN,L1-3,34,29,1,3,0,0,1,1,4,0,10,1,0,0,1,1,0,0,.243,.304,.385,.689,6,9,R,C.De Jong (61)
143,143,Sep 10,,CHW,W4-3,36,33,4,8,2,1,2,3,2,0,5,0,1,0,0,0,1,1,.243,.304,.386,.690,5,9,R,L.Giolito (54)
144,144,Sep 11,,CHW,W6-3,33,28,6,9,1,1,0,6,3,1,5,0,1,1,0,2,4,1,.243,.305,.386,.691,3,9,R,D.Covey (30)
145,145,Sep 12,,CHW,L2-4,46,38,2,7,3,0,0,2,8,0,12,0,0,0,0,2,4,0,.243,.305,.385,.690,8,11,L,C.Rodon (54)
146,146,Sep 13,,MIN,W6-4,40,32,6,8,2,0,2,5,7,0,6,1,0,0,1,1,1,0,.243,.305,.386,.691,10,9,L,G.Moya (56)
147,147,Sep 14,,MIN,W8-4,40,34,8,11,3,0,2,8,5,1,11,0,0,1,0,0,1,0,.244,.306,.387,.694,7,9,R,J.Berrios (60)
148,148,Sep 15,,MIN,W10-3,41,40,10,15,6,1,0,9,1,0,8,0,0,0,1,0,1,1,.245,.307,.389,.696,7,10,R,C.De Jong (32)
149,149,Sep 16,,MIN,L6-9,38,38,6,13,4,0,1,6,0,0,9,0,0,0,0,1,1,1,.245,.307,.390,.697,5,10,R,K.Gibson (38)
150,150,Sep 17,@,PIT,L6-7,39,36,6,10,3,0,1,6,0,0,5,1,1,1,1,0,0,0,.246,.307,.390,.697,6,14,R,J.Musgrove (40)
151,151,Sep 18,@,PIT,L1-2,41,38,1,7,3,0,0,1,3,0,17,0,0,0,0,0,0,0,.245,.306,.389,.696,7,18,R,J.Taillon (79)
152,152,Sep 19,@,PIT,L1-2,33,31,1,6,2,0,1,1,2,0,10,0,0,0,1,2,1,1,.245,.306,.389,.695,5,12,R,C.Archer (68)
153,153,Sep 20,@,DET,L8-11,42,41,8,12,3,0,4,8,0,0,9,1,0,0,2,0,2,0,.245,.306,.391,.697,7,9,L,M.Boyd (29)
154,154,Sep 21,@,DET,W4-3,38,35,4,9,1,1,0,3,2,0,5,0,0,1,2,0,1,1,.245,.306,.391,.697,7,9,L,F.Liriano (52)
155,155,Sep 22,@,DET,L4-5,33,30,4,6,1,1,2,4,2,0,7,0,0,1,0,1,0,1,.245,.306,.392,.697,2,9,R,J.Zimmermann (66)
156,156,Sep 23,@,DET,W3-2,38,36,3,10,1,1,1,3,2,0,7,0,0,0,0,1,1,0,.245,.306,.392,.698,8,9,L,D.Norris (52)
157,157,Sep 25,@,CIN,W4-3,36,35,4,7,1,0,2,4,1,0,11,0,0,0,1,0,1,0,.245,.305,.392,.697,5,16,R,M.Harvey (49)
158,158,Sep 26,@,CIN,W6-1,38,35,6,9,3,1,1,5,2,0,8,0,1,0,1,1,4,0,.245,.305,.393,.698,5,11,L,C.Reed (37)
159,159,Sep 27,,CLE,W2-1,40,37,2,8,1,0,1,2,2,0,9,1,0,0,0,0,3,0,.245,.305,.392,.697,9,12,R,J.Tomlin (57)
160,160,Sep 28,,CLE,L6-14,37,34,6,7,3,0,1,6,3,0,7,0,0,0,0,0,0,0,.245,.305,.392,.697,4,10,R,M.Clevinger (69)
161,161,Sep 29,,CLE,W9-4,45,40,9,16,2,0,1,9,5,0,9,0,0,0,0,0,3,0,.246,.306,.393,.699,12,9,R,C.Kluber (45)
162,162,Sep 30,,CLE,L1-2,34,32,1,5,0,0,0,1,2,0,8,0,0,0,0,0,3,0,.245,.305,.392,.697,6,10,R,C.Carrasco (61)