Rk,Gtm,Date,,Opp,Rslt,PA,AB,R,H,2B,3B,HR,RBI,BB,IBB,SO,HBP,SH,SF,ROE,GDP,SB,CS,BA,OBP,SLG,OPS,LOB,#,Thr,Opp. Starter (GmeSc)
1,1,Mar 29,@,OAK,L5-6,47,46,5,13,2,1,3,5,1,0,7,0,0,0,0,0,0,0,.283,.298,.565,.863,9,11,R,K.Graveman (34)
2,2,Mar 30,@,OAK,W2-1,32,32,2,6,0,0,1,1,0,0,7,0,0,0,0,1,0,0,.244,.253,.449,.702,3,10,L,S.Manaea (74)
3,3,Mar 31,@,OAK,W8-3,43,41,8,12,6,1,0,8,1,0,6,1,0,0,1,0,1,0,.261,.279,.462,.741,8,9,R,D.Mengden (37)
4,4,Apr 1,@,OAK,W7-4,40,37,7,13,4,0,0,7,2,0,3,0,0,1,0,1,0,0,.282,.302,.462,.764,6,9,R,D.Gossett (32)
5,5,Apr 2,,CLE,L0-6,37,33,0,6,1,0,0,0,2,0,7,2,0,0,0,0,0,0,.265,.296,.418,.714,10,9,R,M.Clevinger (63)
6,6,Apr 3,,CLE,W13-2,39,36,13,13,2,0,5,12,3,0,5,0,0,0,0,1,0,0,.280,.315,.484,.800,2,12,R,J.Tomlin (11)
7,7,Apr 4,,CLE,W3-2,46,41,3,6,0,0,2,3,4,0,11,1,0,0,0,1,0,0,.259,.303,.455,.758,6,13,R,C.Kluber (67)
8,8,Apr 6,,OAK,W13-9,44,38,13,14,3,0,2,10,5,2,7,1,0,0,1,1,1,0,.273,.323,.474,.797,7,11,R,D.Gossett (32)
9,9,Apr 7,,OAK,L3-7,35,33,3,7,1,0,2,3,2,0,11,0,0,0,0,1,0,0,.267,.317,.469,.786,5,10,R,A.Triggs (57)
10,10,Apr 8,,OAK,W6-1,36,30,6,7,1,0,2,6,4,0,8,1,0,1,0,1,1,0,.264,.318,.469,.787,6,10,R,K.Graveman (29)
11,11,Apr 9,@,TEX,W8-3,43,40,8,13,1,0,1,8,2,0,7,1,0,0,1,1,0,0,.270,.324,.464,.788,8,10,R,D.Fister (48)
12,12,Apr 10,@,TEX,W11-1,46,41,11,18,1,0,2,10,4,0,6,0,0,1,0,2,0,0,.286,.338,.478,.816,8,12,L,M.Perez (7)
13,13,Apr 11,@,TEX,W7-2,43,34,7,9,0,2,0,7,6,0,2,2,0,1,1,1,3,0,.284,.343,.471,.814,9,10,L,M.Moore (40)
14,14,Apr 12,@,KCR,W7-1,45,42,7,15,2,1,2,7,3,1,3,0,0,0,0,0,0,0,.290,.347,.481,.828,11,10,R,I.Kennedy (55)
15,15,Apr 13,@,KCR,W5-4,41,38,5,13,1,0,1,5,1,0,8,0,1,1,0,0,2,0,.294,.347,.479,.826,9,11,R,J.Hammel (48)
16,16,Apr 14,@,KCR,W5-3,39,36,5,9,1,0,3,5,2,0,11,0,0,1,1,0,0,0,.291,.344,.482,.825,7,9,R,J.Junis (40)
17,17,Apr 17,,BOS,L1-10,36,30,1,4,0,0,0,1,6,0,10,0,0,0,1,2,0,0,.283,.340,.465,.805,8,12,L,D.Price (59)
18,18,Apr 18,,BOS,L0-9,35,33,0,6,0,0,0,0,1,0,8,1,0,0,0,0,0,0,.278,.335,.451,.786,8,9,R,R.Porcello (66)
19,19,Apr 19,,BOS,L2-8,35,32,2,4,0,0,1,2,3,0,9,0,0,0,1,0,0,0,.271,.329,.440,.769,6,12,L,E.Rodriguez (60)
20,20,Apr 20,,SFG,L1-8,35,31,1,5,1,0,1,1,4,0,6,0,0,0,0,1,1,0,.267,.325,.434,.759,7,11,R,J.Samardzija (63)
21,21,Apr 21,,SFG,W4-3,31,29,4,6,3,0,3,4,2,0,7,0,0,0,0,1,1,0,.264,.323,.441,.764,3,10,L,D.Holland (51)
22,22,Apr 22,,SFG,L2-4,37,32,2,6,0,0,1,2,3,0,11,2,0,0,1,2,0,0,.261,.322,.434,.756,8,11,R,J.Cueto (73)
23,23,Apr 23,@,HOU,W2-0,33,30,2,4,1,0,0,2,3,0,9,0,0,0,0,1,2,0,.256,.318,.425,.742,4,9,R,G.Cole (67)
24,24,Apr 24,@,HOU,W8-7,39,33,8,8,0,0,3,8,6,0,8,0,0,0,0,2,1,0,.256,.319,.428,.748,4,9,R,C.Morton (33)
25,25,Apr 25,@,HOU,L2-5,31,31,2,4,1,0,1,2,0,0,11,0,0,0,0,0,0,0,.251,.313,.422,.735,2,9,R,J.Verlander (70)
26,26,Apr 27,,NYY,L3-4,35,34,3,6,1,1,1,3,1,0,9,0,0,0,0,1,0,1,.249,.309,.419,.729,2,12,R,L.Severino (62)
27,27,Apr 28,,NYY,L1-11,36,33,1,7,1,0,1,1,3,0,12,0,0,0,0,1,0,0,.247,.308,.416,.725,8,11,R,M.Tanaka (71)
28,28,Apr 29,,NYY,L1-2,37,34,1,6,1,0,0,0,3,0,7,0,0,0,1,0,1,0,.245,.306,.409,.715,9,9,L,C.Sabathia (66)
29,29,May 1,,BAL,W3-2,39,35,3,10,4,0,1,2,4,3,3,0,0,0,0,0,0,0,.246,.308,.412,.720,11,10,R,A.Cobb (50)
30,30,May 2,,BAL,W10-7,39,33,10,9,3,0,4,10,5,0,8,0,0,1,1,0,1,0,.247,.310,.422,.731,5,13,R,D.Bundy (28)
31,31,May 3,,BAL,W12-3,40,36,12,15,5,1,0,12,3,0,7,1,0,0,0,2,0,1,.253,.315,.428,.743,4,11,R,C.Tillman (10)
32,32,May 4,@,SEA,W5-0,43,36,5,11,3,1,0,4,7,0,10,0,0,0,0,2,1,0,.254,.319,.429,.747,11,9,R,M.Leake (42)
33,33,May 5,@,SEA,L8-9,51,47,8,17,5,0,2,8,3,0,11,0,0,1,1,2,0,1,.259,.322,.435,.757,10,11,L,M.Gonzales (44)
34,34,May 6,@,SEA,W8-2,46,38,8,12,2,0,3,8,5,0,9,2,1,0,1,1,1,0,.261,.325,.441,.766,11,9,R,F.Hernandez (36)
35,35,May 8,@,COL,L2-4,34,32,2,6,0,0,1,2,2,0,8,0,0,0,0,1,1,0,.259,.323,.437,.759,5,15,R,J.Gray (76)
36,36,May 9,@,COL,W8-0,42,37,8,12,3,0,3,8,5,0,4,0,0,0,0,2,0,0,.261,.325,.443,.768,7,15,L,T.Anderson (41)
37,37,May 10,,MIN,W7-4,37,32,7,12,4,0,3,7,2,0,2,2,0,1,0,3,0,0,.263,.328,.451,.779,6,9,R,J.Berrios (35)
38,38,May 11,,MIN,L4-5,38,36,4,10,1,0,1,4,2,0,8,0,0,0,0,1,1,0,.264,.328,.449,.777,7,10,R,L.Lynn (33)
39,39,May 12,,MIN,L3-5,55,41,3,7,1,1,0,3,12,2,10,1,0,1,0,1,1,0,.261,.329,.443,.772,16,11,R,K.Gibson (60)
40,40,May 13,,MIN,W2-1,37,30,2,7,1,0,0,2,5,0,8,1,1,0,0,1,1,0,.260,.330,.439,.769,10,10,R,F.Romero (58)
41,41,May 14,,HOU,W2-1,28,26,2,4,0,0,0,2,2,0,10,0,0,0,0,2,1,0,.259,.328,.434,.762,2,9,R,L.McCullers (60)
42,42,May 15,,HOU,L3-5,34,32,3,8,1,0,2,3,2,0,12,0,0,0,0,0,0,1,.258,.327,.435,.762,4,9,R,G.Cole (50)
43,43,May 16,,HOU,L0-2,33,32,0,5,1,0,0,0,1,0,7,0,0,0,0,0,0,0,.256,.324,.430,.754,6,11,R,J.Verlander (83)
44,44,May 17,,TBR,L1-7,34,29,1,3,0,0,1,1,4,0,6,1,0,0,0,1,0,0,.253,.322,.426,.748,6,11,R,C.Archer (71)
45,45,May 18,,TBR,L3-8,38,33,3,6,3,0,1,3,5,0,12,0,0,0,0,0,0,0,.252,.322,.424,.746,8,9,L,B.Snell (63)
46,46,May 19,,TBR,L3-5,32,31,3,6,2,0,1,3,1,0,8,0,0,0,1,2,1,0,.251,.320,.423,.743,2,10,R,S.Romo (56)
47,47,May 20,,TBR,W5-2,37,25,5,4,2,0,1,5,8,0,7,1,0,3,1,1,3,0,.249,.320,.422,.742,8,11,R,S.Romo (55)
48,48,May 22,@,TOR,L3-5,32,28,3,4,1,0,0,3,3,0,6,0,0,1,0,2,0,0,.247,.319,.418,.737,2,10,L,J.Happ (65)
49,49,May 23,@,TOR,W5-4,45,36,5,9,0,0,0,5,9,0,6,0,0,0,1,0,3,0,.247,.321,.414,.735,13,11,R,A.Sanchez (60)
50,50,May 24,@,TOR,W8-1,43,39,8,12,6,0,2,8,4,0,6,0,0,0,0,0,2,0,.249,.322,.419,.741,8,11,R,M.Estrada (32)
51,51,May 25,@,NYY,L1-2,35,30,1,6,0,0,1,1,5,0,6,0,0,0,0,1,0,0,.248,.322,.417,.738,7,9,R,L.Severino (61)
52,52,May 26,@,NYY,W11-4,45,36,11,11,3,0,2,10,7,0,12,1,0,1,1,1,0,0,.249,.324,.420,.743,7,12,R,S.Gray (31)
53,53,May 27,@,NYY,L1-3,34,29,1,4,0,0,1,1,5,0,10,0,0,0,0,2,0,0,.247,.323,.417,.740,6,10,R,M.Tanaka (67)
54,54,May 28,@,DET,L3-9,39,33,3,7,2,0,1,3,5,0,6,1,0,0,0,1,1,0,.247,.323,.416,.739,9,12,L,M.Boyd (64)
55,55,May 29,@,DET,W9-2,42,37,9,14,3,0,4,9,5,0,6,0,0,0,0,2,0,0,.249,.326,.423,.749,6,10,R,M.Fulmer (25)
56,56,May 30,@,DET,L1-6,35,33,1,7,2,0,0,1,2,0,8,0,0,0,0,0,0,1,.249,.325,.420,.745,7,9,R,M.Fiers (54)
57,57,May 31,@,DET,L2-6,36,35,2,8,1,0,1,2,1,0,8,0,0,0,1,1,0,0,.248,.323,.419,.742,7,10,L,R.Carpenter (51)
58,58,Jun 1,,TEX,W6-0,37,35,6,11,2,0,2,6,2,0,8,0,0,0,0,0,0,0,.249,.324,.421,.745,7,9,R,B.Colon (22)
59,59,Jun 2,,TEX,L2-3,38,35,2,6,0,1,2,2,1,0,12,2,0,0,0,0,1,0,.248,.322,.421,.743,6,11,L,C.Hamels (66)
60,60,Jun 3,,TEX,W3-1,28,28,3,4,1,0,1,3,0,0,2,0,0,0,0,0,0,0,.247,.320,.419,.739,1,9,R,D.Fister (53)
61,61,Jun 4,,KCR,W9-6,41,34,9,14,0,0,2,8,6,1,3,0,0,1,0,0,0,0,.249,.323,.422,.745,8,13,L,D.Duffy (34)
62,62,Jun 5,,KCR,W1-0,30,29,1,7,0,0,0,0,1,0,6,0,0,0,0,1,0,1,.249,.322,.419,.742,5,10,R,B.Keller (51)
63,63,Jun 6,,KCR,W4-3,38,34,4,10,4,0,2,4,4,0,8,0,0,0,0,0,0,0,.250,.323,.422,.745,10,9,R,I.Kennedy (51)
64,64,Jun 8,@,MIN,W4-2,36,34,4,7,1,0,2,4,2,0,10,0,0,0,0,0,0,0,.249,.322,.422,.744,5,10,R,L.Lynn (65)
65,65,Jun 9,@,MIN,W2-1,34,31,2,6,0,0,2,2,2,0,6,1,0,0,0,1,1,0,.249,.321,.421,.743,5,10,R,K.Gibson (62)
66,66,Jun 10,@,MIN,L5-7,42,34,5,8,2,0,0,5,5,1,7,2,0,1,0,0,0,0,.248,.322,.419,.741,10,11,R,F.Romero (50)
67,67,Jun 11,@,SEA,L3-5,37,35,3,7,2,0,3,3,2,1,11,0,0,0,1,0,0,0,.248,.321,.421,.742,7,10,L,W.LeBlanc (54)
68,68,Jun 12,@,SEA,L3-6,38,34,3,6,1,0,2,3,4,0,8,0,0,0,2,0,1,0,.247,.320,.420,.740,8,9,R,M.Leake (61)
69,69,Jun 13,@,SEA,L6-8,42,37,6,13,2,2,2,6,4,2,11,0,0,1,1,2,0,0,.248,.321,.424,.745,9,11,L,M.Gonzales (46)
70,70,Jun 15,@,OAK,W8-4,43,36,8,9,1,0,1,5,5,0,5,1,0,1,2,1,0,0,.248,.322,.423,.745,8,10,R,C.Bassitt (34)
71,71,Jun 16,@,OAK,L4-6,35,32,4,6,0,0,1,4,3,0,6,0,0,0,0,0,0,1,.247,.321,.421,.742,4,10,L,S.Manaea (55)
72,72,Jun 17,@,OAK,L5-6,46,41,5,9,1,0,2,4,4,1,9,1,0,0,1,1,1,1,.247,.321,.421,.741,8,10,R,D.Mengden (40)
73,73,Jun 18,,ARI,L4-7,40,36,4,12,1,0,2,4,3,0,5,0,0,1,0,1,0,1,.248,.321,.422,.744,9,12,R,Z.Greinke (50)
74,74,Jun 19,,ARI,W5-4,37,31,5,8,0,0,2,4,3,0,3,2,0,0,0,1,0,0,.248,.322,.423,.745,8,10,R,M.Koch (33)
75,75,Jun 21,,TOR,W8-5,38,32,8,9,2,0,3,7,6,1,10,0,0,0,0,1,1,0,.249,.323,.425,.748,6,9,R,A.Sanchez (41)
76,76,Jun 22,,TOR,W2-1,28,26,2,3,1,0,0,2,2,0,7,0,0,0,0,0,0,0,.247,.321,.423,.744,2,9,R,M.Estrada (68)
77,77,Jun 23,,TOR,L1-4,35,34,1,9,0,0,1,1,1,0,11,0,0,0,0,0,0,0,.248,.321,.422,.743,7,10,R,M.Stroman (59)
78,78,Jun 24,,TOR,L6-7,42,41,6,10,2,0,1,6,1,0,9,0,0,0,3,0,0,1,.248,.320,.421,.741,6,10,R,S.Gaviglio (47)
79,79,Jun 25,@,KCR,L0-2,32,29,0,3,0,0,0,0,2,0,9,1,0,0,0,1,1,0,.246,.319,.417,.736,5,10,R,B.Keller (77)
80,80,Jun 26,@,BOS,L1-9,34,32,1,5,0,0,1,1,2,0,10,0,0,0,0,0,0,0,.245,.317,.415,.733,6,12,L,D.Price (63)
81,81,Jun 27,@,BOS,L6-9,44,40,6,11,2,0,2,6,4,0,11,0,0,0,2,0,0,0,.245,.318,.416,.734,11,11,R,R.Porcello (40)
82,82,Jun 28,@,BOS,L2-4,38,33,2,6,0,0,1,2,4,0,10,1,0,0,0,0,0,0,.245,.317,.415,.732,9,12,L,B.Johnson (53)
83,83,Jun 29,@,BAL,W7-1,42,38,7,13,3,0,2,7,2,1,5,1,0,1,0,3,0,0,.246,.318,.417,.735,8,9,R,D.Hess (27)
84,84,Jun 30,@,BAL,W6-2,40,33,6,7,3,0,0,6,6,1,4,1,0,0,0,0,0,0,.246,.319,.416,.734,7,11,R,A.Cashner (62)
85,85,Jul 1,@,BAL,L2-8,33,32,2,6,1,0,1,2,0,0,4,1,0,0,0,1,0,0,.245,.318,.414,.732,4,11,R,K.Gausman (64)
86,86,Jul 3,@,SEA,L1-4,33,31,1,4,2,0,1,1,2,1,5,0,0,0,0,0,0,0,.244,.316,.413,.729,5,10,L,W.LeBlanc (70)
87,87,Jul 4,@,SEA,W7-4,44,40,7,13,6,0,1,7,3,3,4,0,0,0,1,0,1,0,.245,.317,.415,.732,10,9,R,M.Leake (33)
88,88,Jul 5,@,SEA,L1-4,37,32,1,6,1,0,0,1,4,0,12,0,0,1,1,1,0,0,.244,.316,.413,.729,9,11,L,M.Gonzales (63)
89,89,Jul 6,,LAD,W3-2,35,31,3,5,1,0,0,1,4,1,14,0,0,0,0,0,1,0,.243,.316,.411,.726,6,10,R,K.Maeda (66)
90,90,Jul 7,,LAD,L1-3,35,32,1,4,0,0,1,1,1,0,9,2,0,0,1,0,0,0,.242,.315,.409,.723,7,10,R,R.Stripling (69)
91,91,Jul 8,,LAD,W4-3,31,28,4,6,0,0,2,4,3,1,5,0,0,0,0,2,0,0,.242,.314,.409,.723,3,11,L,A.Wood (52)
92,92,Jul 10,,SEA,W9-3,43,39,9,16,4,0,2,9,4,1,3,0,0,0,1,1,1,1,.244,.316,.412,.728,10,11,R,M.Leake (13)
93,93,Jul 11,,SEA,L0-3,30,29,0,2,0,0,0,0,0,0,6,1,0,0,0,0,0,0,.242,.314,.409,.723,3,11,L,M.Gonzales (77)
94,94,Jul 12,,SEA,W11-2,43,37,11,15,0,0,4,11,3,0,5,2,0,1,0,1,2,0,.244,.316,.413,.729,8,11,L,J.Paxton (35)
95,95,Jul 13,@,LAD,L2-3,36,34,2,8,1,0,2,2,2,0,9,0,0,0,0,1,2,0,.244,.316,.413,.729,7,16,R,W.Buehler (51)
96,96,Jul 14,@,LAD,W5-4,44,38,5,9,3,0,2,5,4,0,11,1,0,1,0,0,0,0,.244,.316,.414,.729,9,15,L,A.Wood (50)
97,97,Jul 15,@,LAD,L3-5,38,31,3,6,2,0,1,3,4,0,12,2,1,0,0,0,0,0,.244,.316,.413,.729,8,15,L,C.Kershaw (54)
98,98,Jul 20,,HOU,L1-3,31,29,1,2,0,0,0,1,1,0,7,0,0,1,0,0,0,0,.242,.314,.410,.724,3,9,L,D.Keuchel (77)
99,99,Jul 21,,HOU,L0-7,36,32,0,7,2,0,0,0,4,0,13,0,0,0,0,2,0,0,.242,.314,.409,.723,9,12,R,J.Verlander (71)
100,100,Jul 22,,HOU,W14-5,45,36,14,15,2,0,4,14,8,0,9,0,1,0,0,0,1,0,.244,.316,.413,.729,7,10,R,L.McCullers (29)
101,101,Jul 23,,CHW,L3-5,40,33,3,7,3,0,1,3,6,1,11,0,0,1,0,0,3,0,.243,.317,.413,.729,10,12,R,L.Giolito (51)
102,102,Jul 24,,CHW,L2-4,35,30,2,4,2,0,0,2,4,0,9,1,0,0,0,0,1,0,.242,.316,.411,.727,6,11,L,C.Rodon (72)
103,103,Jul 25,,CHW,W11-3,41,36,11,14,3,0,4,11,4,1,12,1,0,0,0,1,2,0,.244,.318,.415,.733,6,11,R,J.Shields (28)
104,104,Jul 26,,CHW,W12-8,45,40,12,16,5,1,3,11,5,2,5,0,0,0,0,0,2,0,.246,.319,.419,.739,9,11,R,D.Covey (22)
105,105,Jul 27,,SEA,W4-3,36,31,4,7,2,0,1,4,4,0,8,0,0,1,0,1,0,0,.246,.319,.419,.738,5,9,L,W.LeBlanc (53)
106,106,Jul 28,,SEA,W11-5,39,37,11,13,7,0,2,11,2,0,3,0,0,0,0,0,0,0,.247,.320,.422,.742,4,12,R,F.Hernandez (17)
107,107,Jul 29,,SEA,L5-8,41,36,5,10,1,0,1,5,4,0,11,0,0,1,0,0,0,0,.247,.320,.422,.742,9,12,L,M.Gonzales (55)
108,108,Jul 31,@,TBR,L6-10,43,38,6,12,2,0,2,6,4,0,9,1,0,0,0,1,0,0,.248,.321,.423,.744,10,10,R,R.Stanek (51)
109,109,Aug 1,@,TBR,L2-7,36,32,2,6,0,0,1,2,4,0,11,0,0,0,1,0,1,1,.247,.320,.422,.742,7,11,R,T.Glasnow (55)
110,110,Aug 2,@,TBR,L2-4,31,30,2,3,2,0,0,2,1,0,13,0,0,0,1,1,0,0,.246,.319,.419,.738,2,12,R,H.Wood (59)
111,111,Aug 3,@,CLE,W7-4,41,36,7,10,2,0,2,7,4,3,8,1,0,0,0,1,2,0,.246,.319,.420,.740,7,12,R,M.Clevinger (56)
112,112,Aug 4,@,CLE,L0-3,32,30,0,3,1,0,0,0,1,0,7,1,0,0,0,0,0,0,.245,.318,.418,.736,5,9,R,C.Kluber (87)
113,113,Aug 5,@,CLE,L3-4,41,38,3,11,2,1,0,3,1,0,9,2,0,0,0,0,1,0,.246,.318,.418,.736,11,10,R,S.Bieber (53)
114,114,Aug 6,,DET,W6-2,34,30,6,8,2,0,2,6,3,0,5,0,0,1,0,1,1,0,.246,.318,.419,.737,4,9,L,M.Boyd (43)
115,115,Aug 7,,DET,W11-5,44,36,11,13,1,0,2,10,7,0,7,0,0,1,1,0,3,1,.247,.320,.420,.740,9,10,R,J.Turner (17)
116,116,Aug 8,,DET,W6-0,33,32,6,10,1,0,3,6,1,0,8,0,0,0,0,1,0,1,.247,.320,.422,.742,3,9,L,B.Hardy (35)
117,117,Aug 10,,OAK,W4-3,30,30,4,7,0,0,2,4,0,0,5,0,0,0,1,2,0,0,.247,.319,.422,.741,2,9,L,B.Anderson (55)
118,118,Aug 11,,OAK,L0-7,35,31,0,5,2,0,0,0,3,0,8,1,0,0,1,1,0,0,.247,.319,.420,.739,8,11,R,E.Jackson (75)
119,119,Aug 12,,OAK,L7-8,43,38,7,11,5,0,1,7,4,0,11,1,0,0,0,0,1,0,.247,.319,.421,.740,9,9,R,T.Cahill (36)
120,120,Aug 13,@,SDP,W6-3,40,37,6,8,3,0,2,5,1,0,5,1,1,0,1,1,1,0,.247,.319,.421,.740,4,15,L,C.Richard (68)
121,121,Aug 14,@,SDP,W7-3,39,34,7,11,2,1,1,7,4,0,4,0,0,1,0,2,2,1,.247,.319,.422,.742,5,16,R,B.Kennedy (30)
122,122,Aug 15,@,SDP,W3-2,36,35,3,10,1,0,1,3,0,0,6,0,0,1,0,1,0,0,.248,.319,.422,.741,6,15,L,R.Erlin (50)
123,123,Aug 16,@,TEX,L6-8,36,35,6,11,2,0,1,6,1,0,8,0,0,0,0,1,0,0,.248,.319,.422,.741,3,10,R,A.Jurado (32)
124,124,Aug 17,@,TEX,L4-6,37,33,4,7,1,0,1,4,3,0,11,1,0,0,0,1,2,0,.248,.319,.422,.741,6,9,R,D.Hutchison (54)
125,125,Aug 18,@,TEX,W11-7,45,41,11,16,1,1,3,11,2,0,5,1,1,0,0,0,0,0,.249,.320,.424,.744,7,11,L,M.Perez (31)
126,126,Aug 19,@,TEX,L2-4,32,31,2,6,2,0,0,1,1,1,10,0,0,0,0,2,0,1,.249,.319,.423,.742,3,9,R,Y.Gallardo (57)
127,127,Aug 21,@,ARI,L4-5,38,36,4,10,2,1,1,4,2,0,13,0,0,0,0,1,0,0,.249,.319,.423,.743,7,15,L,P.Corbin (60)
128,128,Aug 22,@,ARI,L1-5,32,31,1,5,2,0,0,1,1,0,9,0,0,0,0,1,0,0,.248,.319,.422,.740,4,17,R,C.Buchholz (76)
129,129,Aug 24,,HOU,L3-9,36,33,3,7,0,1,1,3,3,0,7,0,0,0,1,1,0,0,.248,.318,.421,.740,6,11,L,D.Keuchel (63)
130,130,Aug 25,,HOU,L3-8,35,32,3,6,1,1,1,3,2,0,9,1,0,0,0,0,0,1,.248,.318,.421,.739,5,9,R,J.Verlander (52)
131,131,Aug 26,,HOU,L1-3,34,30,1,4,0,0,0,1,3,0,9,1,0,0,0,2,0,0,.247,.317,.419,.736,6,11,L,F.Valdez (59)
132,132,Aug 27,,COL,W10-7,40,34,10,10,1,0,2,8,5,0,4,0,0,1,1,0,2,0,.247,.318,.420,.737,6,11,R,J.Gray (41)
133,133,Aug 28,,COL,L2-3,35,32,2,6,0,0,0,2,2,0,11,0,0,1,0,0,1,0,.247,.317,.418,.735,6,10,L,K.Freeland (62)
134,134,Aug 30,@,HOU,W5-2,39,37,5,10,3,0,0,4,2,0,15,0,0,0,0,0,0,0,.247,.317,.418,.735,7,10,R,J.Verlander (56)
135,135,Aug 31,@,HOU,W3-0,36,31,3,6,0,0,1,3,4,0,9,0,0,1,0,1,0,0,.247,.317,.417,.733,6,10,L,F.Valdez (59)
136,136,Sep 1,@,HOU,L3-7,34,31,3,4,0,0,1,3,3,0,14,0,0,0,0,0,1,0,.246,.316,.415,.731,4,10,R,J.James (55)
137,137,Sep 2,@,HOU,L2-4,41,34,2,7,0,0,0,2,5,0,12,2,0,0,0,0,0,0,.246,.316,.414,.730,12,9,R,G.Cole (55)
138,138,Sep 3,@,TEX,W3-1,37,34,3,7,1,0,1,3,3,1,7,0,0,0,0,0,0,0,.245,.316,.413,.729,7,10,L,J.Springs (55)
139,139,Sep 4,@,TEX,L2-4,36,34,2,6,1,0,1,2,1,0,10,1,0,0,1,0,4,0,.245,.315,.412,.728,7,12,L,M.Minor (59)
140,140,Sep 5,@,TEX,W9-3,45,41,9,16,2,0,3,9,3,0,6,0,0,1,0,1,1,0,.246,.316,.415,.731,9,10,R,B.Colon (32)
141,141,Sep 7,@,CHW,W5-2,43,35,5,9,1,0,2,5,6,2,11,1,0,1,0,0,0,0,.246,.317,.415,.731,11,10,L,C.Rodon (35)
142,142,Sep 8,@,CHW,W12-3,45,40,12,17,0,1,2,11,4,1,5,1,0,0,1,2,2,1,.248,.318,.417,.735,6,15,R,J.Shields (21)
143,143,Sep 9,@,CHW,W1-0,38,31,1,5,1,0,0,1,7,0,14,0,0,0,0,0,0,1,.247,.318,.415,.733,10,9,R,R.Lopez (75)
144,144,Sep 10,,TEX,L2-5,40,36,2,8,2,0,0,2,3,0,6,1,0,0,1,0,1,0,.247,.318,.414,.732,11,9,L,M.Minor (57)
145,145,Sep 11,,TEX,W1-0,28,25,1,2,0,0,1,1,2,0,4,1,0,0,0,0,1,1,.246,.317,.413,.730,3,9,R,A.Sampson (60)
146,146,Sep 12,,TEX,W8-1,38,35,8,11,2,1,3,8,3,0,9,0,0,0,1,1,0,0,.247,.317,.415,.732,6,12,R,Y.Gallardo (26)
147,147,Sep 13,,SEA,L2-8,35,32,2,6,3,0,1,2,3,0,8,0,0,0,0,1,0,0,.246,.317,.415,.732,6,14,R,M.Leake (69)
148,148,Sep 14,,SEA,L0-5,36,33,0,6,1,0,0,0,3,0,8,0,0,0,0,0,0,0,.246,.317,.413,.730,9,10,L,R.Elias (61)
149,149,Sep 15,,SEA,L5-6,34,33,5,8,2,0,4,5,1,0,5,0,0,0,0,1,0,0,.246,.316,.415,.731,2,10,R,E.Ramirez (39)
150,150,Sep 16,,SEA,W4-3,32,30,4,7,2,0,2,4,2,0,9,0,0,0,0,0,0,2,.246,.316,.416,.732,4,13,L,M.Gonzales (47)
151,151,Sep 18,@,OAK,W9-7,40,35,9,9,1,1,2,8,4,0,7,1,0,0,0,0,1,0,.246,.316,.416,.733,4,12,R,L.Hendriks (54)
152,152,Sep 19,@,OAK,L0-10,31,31,0,4,0,0,0,0,0,0,3,0,0,0,0,0,0,0,.245,.315,.415,.730,4,13,L,B.Anderson (71)
153,153,Sep 20,@,OAK,L3-21,35,32,3,5,2,0,2,3,3,0,9,0,0,0,0,0,0,0,.245,.315,.414,.729,5,14,R,E.Jackson (58)
154,154,Sep 21,@,HOU,L3-11,35,33,3,6,1,1,1,3,1,0,14,1,0,0,0,0,0,0,.244,.314,.414,.728,5,10,R,G.Cole (65)
155,155,Sep 22,@,HOU,L5-10,38,35,5,7,2,0,1,5,2,0,15,1,0,0,0,0,2,0,.244,.314,.414,.728,6,15,R,J.Verlander (81)
156,156,Sep 23,@,HOU,L2-6,34,31,2,4,2,0,1,1,2,0,13,1,0,0,0,0,0,0,.243,.313,.413,.726,5,11,R,C.Morton (49)
157,157,Sep 24,,TEX,W5-4,42,36,5,7,1,0,4,4,5,0,8,1,0,0,1,1,0,0,.243,.313,.414,.727,7,11,R,A.Sampson (46)
158,158,Sep 25,,TEX,W4-1,33,27,4,5,1,0,0,4,5,1,2,0,0,1,1,0,0,0,.243,.313,.413,.726,5,10,R,Y.Gallardo (53)
159,159,Sep 26,,TEX,W3-2,33,27,3,5,1,0,2,3,6,0,8,0,0,0,1,3,0,0,.242,.313,.413,.727,6,11,L,Y.Mendez (48)
160,160,Sep 28,,OAK,W8-5,37,31,8,9,4,0,2,8,4,1,6,1,0,1,0,1,2,0,.243,.314,.414,.728,5,13,R,L.Trivino (53)
161,161,Sep 29,,OAK,L2-5,38,31,2,4,0,0,0,2,5,0,7,1,0,0,1,0,2,0,.242,.314,.413,.726,9,12,R,L.Hendriks (51)
162,162,Sep 30,,OAK,W5-4,32,31,5,7,2,0,2,5,1,0,11,0,0,0,0,0,1,0,.242,.313,.413,.726,3,12,L,B.Anderson (48)