Rk,Gtm,Date,,Opp,Rslt,PA,AB,R,H,2B,3B,HR,RBI,BB,IBB,SO,HBP,SH,SF,ROE,GDP,SB,CS,BA,OBP,SLG,OPS,LOB,#,Thr,Opp. Starter (GmeSc)
1,1,Mar 29,,SFG,L0-1,36,31,0,6,0,0,0,0,5,0,10,0,0,0,0,2,2,0,.194,.306,.194,.499,9,15,L,T.Blach (61)
2,2,Mar 30,,SFG,L0-1,27,27,0,1,0,0,0,0,0,0,8,0,0,0,0,1,0,0,.121,.190,.121,.311,0,11,R,J.Cueto (79)
3,3,Mar 31,,SFG,W5-0,31,26,5,4,1,1,0,3,3,0,5,0,0,2,2,2,0,0,.131,.202,.167,.369,2,13,L,D.Holland (46)
4,4,Apr 1,,SFG,W9-0,37,36,9,13,3,0,1,8,0,0,7,1,0,0,0,0,0,1,.200,.252,.275,.527,4,14,R,C.Stratton (50)
5,5,Apr 2,@,ARI,L7-8,71,61,7,19,2,0,2,7,8,1,11,0,2,0,0,1,0,0,.238,.300,.331,.631,19,21,R,T.Walker (41)
6,6,Apr 3,@,ARI,L1-6,32,29,1,4,2,0,0,1,1,0,4,0,1,1,0,0,0,0,.224,.281,.314,.596,4,13,R,Z.Godley (67)
7,7,Apr 4,@,ARI,L0-3,31,28,0,1,1,0,0,0,3,0,15,0,0,0,0,0,0,0,.202,.263,.286,.549,4,12,L,P.Corbin (87)
8,8,Apr 7,@,SFG,L5-7,62,53,5,12,1,0,1,4,9,1,10,0,0,0,1,2,0,0,.206,.278,.289,.566,15,24,R,C.Stratton (48)
9,9,Apr 8,@,SFG,W2-1,41,37,2,10,2,0,0,2,4,1,5,0,0,0,0,2,1,1,.213,.285,.293,.578,9,17,L,T.Blach (58)
10,10,Apr 10,,OAK,W4-0,35,33,4,11,2,0,3,4,2,0,9,0,0,0,0,1,0,0,.224,.293,.327,.619,7,14,L,S.Manaea (49)
11,11,Apr 11,,OAK,L6-16,40,39,6,12,3,0,2,6,0,0,5,0,0,1,1,0,0,0,.233,.293,.348,.641,7,18,R,D.Mengden (44)
12,12,Apr 13,,ARI,L7-8,41,37,7,11,1,0,2,7,3,0,8,1,0,0,0,1,0,0,.238,.299,.359,.659,7,19,R,Z.Greinke (53)
13,13,Apr 14,,ARI,L1-9,36,34,1,8,3,0,0,1,2,0,5,0,0,0,0,0,0,1,.238,.298,.357,.655,8,15,R,T.Walker (45)
14,14,Apr 15,,ARI,W7-2,40,32,7,8,2,0,1,7,7,0,13,0,0,1,1,0,0,0,.239,.303,.360,.663,9,13,R,Z.Godley (28)
15,15,Apr 16,@,SDP,W10-3,43,36,10,9,2,1,2,10,7,1,11,0,0,0,2,1,0,0,.239,.308,.371,.679,6,14,L,R.Erlin (25)
16,16,Apr 17,@,SDP,W7-3,54,46,7,11,3,1,1,7,6,2,8,1,0,1,1,1,1,0,.239,.310,.374,.685,11,20,R,B.Mitchell (51)
17,17,Apr 18,@,SDP,W13-4,48,44,13,18,5,0,1,11,3,0,11,0,1,0,0,0,0,0,.251,.320,.390,.709,8,15,R,L.Perdomo (9)
18,18,Apr 20,,WSN,L2-5,38,32,2,6,1,1,0,2,4,0,12,2,0,0,0,1,0,0,.248,.319,.384,.704,9,13,R,M.Scherzer (66)
19,19,Apr 21,,WSN,W4-0,33,29,4,7,0,0,3,4,3,1,10,1,0,0,0,1,1,1,.248,.320,.391,.711,5,13,R,S.Strasburg (67)
20,20,Apr 22,,WSN,W4-3,32,26,4,5,4,0,0,4,4,0,8,1,0,1,0,0,0,2,.246,.320,.390,.709,4,15,R,J.Hellickson (53)
21,21,Apr 23,,MIA,W2-1,32,29,2,6,2,0,1,2,2,0,11,0,0,1,0,0,0,0,.244,.317,.389,.706,6,16,L,J.Garcia (66)
22,22,Apr 24,,MIA,L2-3,37,32,2,5,3,0,0,2,5,0,7,0,0,0,0,0,0,0,.241,.315,.384,.699,8,15,L,D.Peters (58)
23,23,Apr 25,,MIA,L6-8,40,36,6,9,1,1,2,6,4,0,12,0,0,0,0,0,0,0,.241,.315,.389,.704,7,17,R,T.Richards (69)
24,24,Apr 27,@,SFG,L4-6,41,33,4,8,3,0,0,4,7,0,7,0,1,0,0,0,2,1,.241,.318,.387,.704,10,16,L,D.Holland (35)
25,25,Apr 28 (1),@,SFG,W15-6,55,46,15,20,6,2,1,14,6,0,8,3,0,0,0,0,1,0,.251,.329,.404,.733,13,17,R,C.Stratton (17)
26,26,Apr 28 (2),@,SFG,L3-8,36,30,3,5,1,0,1,2,5,0,6,0,1,0,0,1,0,0,.248,.328,.400,.728,6,13,R,J.Cueto (59)
27,27,Apr 29,@,SFG,L2-4,34,33,2,8,2,0,0,2,1,0,6,0,0,0,0,1,1,0,.248,.326,.397,.723,5,14,L,T.Blach (55)
28,28,Apr 30,@,ARI,L5-8,37,33,5,7,3,1,1,5,1,0,11,2,0,1,0,0,0,0,.247,.324,.399,.723,5,17,R,Z.Greinke (65)
29,29,May 1,@,ARI,L3-4,38,30,3,4,1,0,1,3,7,1,7,1,0,0,1,2,0,0,.244,.324,.395,.719,8,14,R,M.Koch (49)
30,30,May 2,@,ARI,W2-1,34,29,2,6,2,0,0,2,3,0,6,1,0,1,0,3,0,0,.243,.323,.392,.715,5,17,R,Z.Godley (60)
31,31,May 3,@,ARI,W5-2,38,32,5,7,3,0,1,3,4,1,8,1,0,1,0,1,1,0,.242,.323,.392,.715,6,17,L,P.Corbin (65)
32,32,May 4,@,SDP,W4-0,37,34,4,9,1,1,2,4,3,0,9,0,0,0,0,1,0,0,.243,.323,.396,.719,6,15,L,J.Lucchesi (47)
33,33,May 5,@,SDP,L4-7,40,33,4,10,2,0,1,4,5,0,10,1,1,0,0,2,1,0,.244,.325,.398,.723,9,15,R,B.Mitchell (34)
34,34,May 6,@,SDP,L0-3,40,37,0,9,1,0,0,0,3,0,12,0,0,0,1,0,0,0,.244,.325,.394,.719,13,18,L,E.Lauer (62)
35,35,May 8,,ARI,L5-8,52,43,5,9,2,0,2,5,7,1,11,1,1,0,0,1,0,0,.243,.325,.394,.719,11,22,R,Z.Godley (41)
36,36,May 9,,ARI,W6-3,38,30,6,8,1,0,0,4,6,0,10,1,0,1,0,0,1,0,.244,.327,.392,.719,8,16,L,P.Corbin (60)
37,37,May 10,,CIN,L1-4,36,31,1,4,0,0,0,1,4,0,7,0,1,0,1,1,0,0,.241,.324,.385,.710,8,16,R,T.Mahle (57)
38,38,May 11,,CIN,L2-6,34,32,2,5,1,2,1,2,1,0,9,1,0,0,0,0,0,0,.239,.322,.386,.708,5,16,R,M.Harvey (62)
39,39,May 12,,CIN,L3-5,41,37,3,12,2,0,1,3,3,1,7,0,1,0,0,0,0,0,.241,.323,.388,.711,11,16,R,H.Bailey (37)
40,40,May 13,,CIN,L3-5,32,32,3,5,0,0,2,3,0,0,12,0,0,0,1,1,0,0,.239,.320,.387,.707,2,16,R,L.Castillo (62)
41,41,May 15,@,MIA,L2-4,35,31,2,5,0,0,2,2,3,0,5,0,1,0,0,0,0,0,.237,.318,.386,.704,6,15,L,W.Chen (57)
42,42,May 16,@,MIA,L5-6,39,37,5,10,3,0,1,5,1,0,7,1,0,0,1,1,0,0,.238,.318,.387,.705,7,15,R,E.Hernandez (58)
43,43,May 17,@,MIA,W7-0,44,36,7,10,4,0,1,7,7,0,7,0,1,0,0,0,0,0,.239,.320,.389,.709,10,12,L,C.Smith (39)
44,44,May 19 (1),@,WSN,W4-1,37,32,4,7,2,1,0,4,2,0,9,1,0,2,1,1,0,0,.239,.319,.388,.707,6,14,R,T.Roark (60)
45,45,May 19 (2),@,WSN,W5-4,40,36,5,10,3,1,2,5,4,1,15,0,0,0,0,2,1,0,.240,.319,.393,.712,8,20,R,M.Scherzer (69)
46,46,May 20,@,WSN,W7-2,39,33,7,7,3,0,3,7,6,0,9,0,0,0,0,1,1,0,.239,.320,.397,.716,5,13,R,S.Strasburg (55)
47,47,May 21,,COL,L1-2,33,29,1,3,1,0,1,1,3,0,7,1,0,0,1,1,0,0,.237,.318,.394,.712,5,13,R,G.Marquez (72)
48,48,May 22,,COL,W5-3,33,30,5,6,2,0,2,5,3,0,6,0,0,0,0,0,0,0,.236,.317,.395,.712,4,17,R,C.Bettis (54)
49,49,May 23,,COL,W3-0,32,26,3,6,2,0,0,3,3,1,3,1,1,1,0,1,0,0,.236,.317,.394,.711,5,14,L,K.Freeland (49)
50,50,May 25,,SDP,W4-1,31,28,4,5,0,0,2,4,3,0,5,0,0,0,1,1,0,0,.235,.316,.394,.710,3,14,L,C.Richard (49)
51,51,May 26,,SDP,L5-7,40,35,5,8,1,0,2,5,5,0,8,0,0,0,1,1,0,0,.235,.316,.395,.711,8,17,R,J.Lyles (30)
52,52,May 27,,SDP,W6-1,34,32,6,10,1,0,2,5,2,0,5,0,0,0,0,1,0,1,.236,.317,.397,.714,4,14,L,M.Strahm (53)
53,53,May 28,,PHI,W5-4,33,31,5,7,2,0,0,5,2,0,11,0,0,0,1,1,1,0,.236,.316,.395,.711,4,16,R,V.Velasquez (59)
54,54,May 29,,PHI,L1-6,36,34,1,9,1,0,0,1,2,0,7,0,0,0,0,2,0,0,.237,.316,.393,.709,8,19,R,J.Arrieta (68)
55,55,May 30,,PHI,W8-2,42,35,8,13,2,0,2,8,4,1,10,0,1,2,1,0,1,0,.239,.318,.397,.715,10,12,R,Z.Eflin (32)
56,56,May 31,,PHI,L1-2,31,30,1,2,1,0,0,1,1,0,9,0,0,0,1,0,0,0,.236,.315,.393,.707,3,15,R,A.Nola (75)
57,57,Jun 1,@,COL,W11-8,45,35,11,12,3,1,3,11,6,0,6,1,0,3,0,0,0,0,.238,.317,.399,.716,7,17,L,T.Anderson (34)
58,58,Jun 2,@,COL,W12-4,45,39,12,13,1,1,3,11,6,0,10,0,0,0,0,1,0,0,.240,.319,.404,.723,6,15,R,G.Marquez (47)
59,59,Jun 3,@,COL,W10-7,41,39,10,11,3,0,3,8,2,0,8,0,0,0,1,0,1,0,.241,.319,.407,.726,4,20,R,C.Bettis (41)
60,60,Jun 5,@,PIT,W5-0,36,33,5,7,0,0,3,5,2,0,11,0,0,1,0,0,1,0,.241,.318,.408,.726,4,15,R,J.Musgrove (45)
61,61,Jun 6,@,PIT,L9-11,41,33,9,8,2,0,2,8,8,0,6,0,0,0,0,1,0,0,.241,.319,.410,.729,5,20,R,T.Williams (35)
62,62,Jun 7,@,PIT,W8-7,43,38,8,13,4,0,3,8,4,0,10,0,1,0,0,0,1,0,.242,.321,.415,.735,8,20,R,J.Taillon (45)
63,63,Jun 8,,ATL,W7-3,33,30,7,8,1,0,5,7,3,0,9,0,0,0,0,0,2,0,.243,.321,.420,.741,2,13,R,B.McCarthy (41)
64,64,Jun 9,,ATL,L3-5,34,31,3,6,2,0,1,2,3,0,10,0,0,0,0,2,0,0,.242,.320,.419,.739,4,18,R,A.Sanchez (57)
65,65,Jun 10,,ATL,W7-2,37,32,7,10,2,0,3,7,4,0,8,0,1,0,0,0,1,1,.243,.321,.423,.744,6,12,L,S.Newcomb (38)
66,66,Jun 12,,TEX,W12-5,42,39,12,16,6,0,3,11,3,1,9,0,0,0,0,0,0,0,.246,.323,.429,.752,6,16,R,B.Colon (12)
67,67,Jun 13,,TEX,W3-2,44,35,3,6,2,0,1,1,9,1,13,0,0,0,1,1,2,1,.245,.324,.427,.751,10,19,L,C.Hamels (58)
68,68,Jun 15,,SFG,W3-2,34,30,3,6,2,0,2,3,3,0,9,0,1,0,1,0,0,0,.244,.323,.428,.751,7,13,L,D.Holland (52)
69,69,Jun 16,,SFG,W3-1,33,28,3,6,1,0,2,3,4,1,6,0,1,0,0,1,0,0,.244,.323,.428,.751,6,15,L,M.Bumgarner (49)
70,70,Jun 17,,SFG,L1-4,31,30,1,4,0,0,0,0,1,0,8,0,0,0,0,1,0,0,.243,.321,.424,.745,3,15,R,C.Stratton (66)
71,71,Jun 19 (1),@,CHC,W4-3,42,30,4,6,3,1,1,4,8,0,10,1,3,0,0,0,0,0,.242,.322,.425,.747,11,20,R,T.Chatwood (60)
72,72,Jun 19 (2),@,CHC,L1-2,44,37,1,9,2,0,0,1,7,1,9,0,0,0,0,1,1,0,.242,.322,.423,.745,13,16,L,M.Montgomery (59)
73,73,Jun 20,@,CHC,L0-4,34,31,0,6,3,0,0,0,3,0,2,0,0,0,0,0,0,0,.241,.322,.421,.743,7,14,L,J.Lester (65)
74,74,Jun 22,@,NYM,W5-2,35,31,5,6,0,0,2,5,3,0,8,0,1,0,0,0,0,0,.241,.321,.421,.742,3,12,R,Z.Wheeler (55)
75,75,Jun 23,@,NYM,W8-3,43,36,8,9,1,1,2,8,6,1,9,0,1,0,1,0,0,0,.241,.322,.422,.744,8,15,R,J.deGrom (53)
76,76,Jun 24,@,NYM,W8-7,46,44,8,13,0,0,7,7,2,0,9,0,0,0,0,1,1,1,.242,.322,.428,.750,5,19,L,J.Blevins (47)
77,77,Jun 25,,CHC,W2-1,30,27,2,5,1,0,2,2,3,0,4,0,0,0,0,1,0,0,.241,.321,.428,.749,4,13,R,D.Underwood (54)
78,78,Jun 26,,CHC,L4-9,35,32,4,6,0,0,0,3,3,0,11,0,0,0,0,0,3,0,.241,.320,.425,.746,4,18,L,J.Lester (54)
79,79,Jun 27,,CHC,W7-5,44,36,7,12,1,0,3,7,7,1,6,1,0,0,1,1,0,0,.242,.322,.428,.750,13,13,R,K.Hendricks (17)
80,80,Jun 28,,CHC,L5-11,42,35,5,9,2,0,2,5,5,0,5,1,1,0,0,0,1,0,.242,.323,.429,.751,10,15,L,J.Quintana (43)
81,81,Jun 29,,COL,L1-3,31,30,1,5,0,0,1,1,1,0,10,0,0,0,0,2,0,0,.241,.322,.427,.748,3,12,L,T.Anderson (81)
82,82,Jun 30,,COL,L1-3,30,30,1,3,0,0,1,1,0,0,10,0,0,0,0,0,0,0,.240,.319,.424,.744,2,13,R,G.Marquez (83)
83,83,Jul 1,,COL,W6-4,36,32,6,11,3,0,1,5,3,0,7,1,0,0,0,1,0,2,.241,.321,.426,.746,6,16,R,C.Bettis (47)
84,84,Jul 2,,PIT,W17-1,52,46,17,21,5,0,4,15,6,0,7,0,0,0,1,0,0,0,.244,.324,.432,.756,11,13,R,N.Kingham (18)
85,85,Jul 3,,PIT,W8-3,38,33,8,11,1,2,6,8,4,0,10,1,0,0,0,0,0,1,.245,.325,.439,.764,6,16,R,I.Nova (22)
86,86,Jul 4,,PIT,W6-4,38,31,6,9,2,0,0,6,6,0,4,1,0,0,0,0,0,0,.246,.326,.438,.764,8,15,R,C.Holmes (30)
87,87,Jul 6,@,LAA,L2-3,34,31,2,4,1,0,0,2,3,0,12,0,0,0,1,0,0,0,.245,.325,.435,.760,5,10,R,F.Pena (61)
88,88,Jul 7,@,LAA,W3-1,36,30,3,4,0,0,1,3,5,0,14,0,1,0,0,0,0,0,.244,.324,.433,.757,6,10,R,D.McGuire (61)
89,89,Jul 8,@,LAA,L3-4,33,30,3,5,0,0,1,3,3,0,11,0,0,0,0,2,0,0,.243,.323,.431,.755,3,10,L,A.Heaney (66)
90,90,Jul 9,@,SDP,W8-2,43,38,8,14,5,0,0,8,4,1,2,0,0,1,1,2,1,0,.244,.325,.432,.757,8,13,R,L.Perdomo (30)
91,91,Jul 10,@,SDP,L1-4,32,30,1,4,1,0,1,1,2,0,9,0,0,0,0,0,0,0,.243,.323,.431,.754,4,11,L,E.Lauer (78)
92,92,Jul 11,@,SDP,W4-2,42,37,4,10,3,0,0,3,5,2,5,0,0,0,2,2,0,0,.244,.324,.430,.753,11,17,L,J.Lucchesi (43)
93,93,Jul 12,@,SDP,W3-2,36,30,3,5,2,0,0,3,4,0,9,2,0,0,0,0,0,1,.243,.323,.428,.751,6,16,R,T.Ross (61)
94,94,Jul 13,,LAA,W3-2,37,32,3,9,3,0,1,2,5,1,8,0,0,0,0,1,0,0,.243,.324,.428,.752,10,14,R,F.Pena (54)
95,95,Jul 14,,LAA,L4-5,45,40,4,10,3,0,1,4,4,1,11,1,0,0,1,1,0,0,.243,.324,.428,.752,11,16,L,A.Heaney (56)
96,96,Jul 15,,LAA,W5-3,34,30,5,10,0,0,2,5,2,0,6,1,0,1,0,1,0,1,.244,.325,.429,.753,5,14,R,D.McGuire (39)
97,97,Jul 20,@,MIL,W6-4,42,37,6,11,3,0,1,5,4,1,6,1,0,0,1,0,0,0,.245,.325,.429,.754,9,17,L,W.Miley (62)
98,98,Jul 21,@,MIL,L2-4,38,35,2,10,1,0,0,2,3,1,13,0,0,0,0,1,0,0,.245,.326,.428,.753,9,15,R,C.Anderson (46)
99,99,Jul 22,@,MIL,W11-2,45,39,11,14,3,1,2,11,3,0,7,1,1,1,2,2,0,0,.246,.326,.430,.757,7,12,L,B.Suter (32)
100,100,Jul 23,@,PHI,W7-6,42,35,7,10,1,1,4,6,6,0,8,0,0,1,0,1,0,0,.247,.327,.433,.760,8,16,R,Z.Eflin (34)
101,101,Jul 24,@,PHI,L4-7,63,57,4,11,3,0,2,3,5,2,17,0,1,0,0,0,0,0,.246,.326,.432,.758,11,20,R,A.Nola (48)
102,102,Jul 25,@,PHI,L3-7,36,31,3,6,2,0,1,3,4,0,11,0,0,1,1,1,1,0,.246,.326,.431,.757,6,15,R,J.Arrieta (56)
103,103,Jul 26,@,ATL,W8-2,43,37,8,11,1,0,1,7,4,1,6,1,1,0,0,1,0,0,.246,.326,.431,.757,8,13,R,A.Sanchez (43)
104,104,Jul 27,@,ATL,W4-1,40,33,4,7,1,0,2,4,7,0,12,0,0,0,0,1,0,0,.246,.326,.431,.757,9,11,R,M.Foltynewicz (44)
105,105,Jul 28,@,ATL,W5-1,41,30,5,6,0,0,1,5,7,0,13,2,1,1,0,0,0,0,.245,.327,.430,.757,9,15,L,M.Fried (63)
106,106,Jul 29,@,ATL,L1-4,30,29,1,2,0,0,0,1,1,0,8,0,0,0,0,0,0,0,.244,.325,.427,.752,2,13,L,S.Newcomb (85)
107,107,Jul 30,,MIL,L2-5,40,31,2,5,1,1,1,2,7,0,13,1,1,0,0,0,0,0,.243,.325,.426,.752,11,17,R,F.Peralta (54)
108,108,Jul 31,,MIL,L0-1,30,28,0,2,0,0,0,0,2,0,7,0,0,0,0,1,0,0,.242,.324,.424,.747,3,13,L,W.Miley (76)
109,109,Aug 1,,MIL,W6-4,40,35,6,10,2,0,3,6,4,1,8,0,1,0,0,2,1,0,.242,.324,.425,.749,7,16,R,C.Anderson (62)
110,110,Aug 2,,MIL,W21-5,49,42,21,18,5,0,7,20,6,0,7,1,0,0,1,1,1,0,.244,.326,.432,.759,4,14,R,J.Chacin (18)
111,111,Aug 3,,HOU,L1-2,32,31,1,4,0,0,1,1,1,0,16,0,0,0,0,0,1,0,.244,.325,.431,.756,4,12,R,J.Verlander (80)
112,112,Aug 4,,HOU,L0-14,33,27,0,3,1,0,0,0,6,0,12,0,0,0,0,2,0,1,.243,.325,.429,.753,6,16,R,L.McCullers (61)
113,113,Aug 5,,HOU,W3-2,32,31,3,7,4,0,0,3,1,0,13,0,0,0,0,0,1,0,.242,.324,.428,.752,5,13,R,G.Cole (50)
114,114,Aug 7,@,OAK,W4-2,42,34,4,9,3,0,0,4,7,0,7,0,1,0,0,1,1,0,.243,.325,.427,.752,11,11,L,S.Manaea (34)
115,115,Aug 8,@,OAK,L2-3,36,34,2,7,1,0,1,2,2,0,11,0,0,0,0,0,2,0,.242,.324,.426,.751,7,9,R,M.Fiers (64)
116,116,Aug 9,@,COL,W8-5,42,39,8,13,2,0,5,8,2,0,11,0,0,1,0,0,2,0,.243,.324,.430,.754,7,15,L,T.Anderson (65)
117,117,Aug 10,@,COL,L4-5,39,36,4,10,3,0,1,4,1,0,5,2,0,0,0,1,0,0,.244,.325,.430,.754,8,13,R,J.Gray (40)
118,118,Aug 11,@,COL,L2-3,35,31,2,6,1,1,1,2,3,0,11,0,1,0,0,1,1,0,.243,.324,.430,.754,6,14,L,K.Freeland (65)
119,119,Aug 12,@,COL,L3-4,38,31,3,7,1,0,0,3,5,0,6,0,1,1,0,1,3,0,.243,.324,.428,.752,8,13,R,C.Bettis (62)
120,120,Aug 13,,SFG,L2-5,37,34,2,8,1,0,1,2,3,0,7,0,0,0,0,0,2,0,.243,.324,.428,.752,8,14,L,M.Bumgarner (52)
121,121,Aug 14,,SFG,L1-2,35,32,1,5,3,0,0,1,3,0,8,0,0,0,0,0,2,0,.242,.323,.426,.749,7,17,L,A.Suarez (69)
122,122,Aug 15,,SFG,W4-3,55,43,4,14,5,0,0,4,10,4,13,0,0,2,0,1,1,1,.243,.324,.426,.751,17,19,L,D.Holland (55)
123,123,Aug 17,@,SEA,W11-1,42,36,11,11,0,0,5,10,5,0,6,0,0,1,1,2,0,0,.244,.325,.429,.754,4,9,L,W.LeBlanc (27)
124,124,Aug 18,@,SEA,L4-5,41,35,4,6,0,0,3,4,5,0,8,1,0,0,0,1,1,0,.243,.325,.429,.754,7,9,R,E.Ramirez (56)
125,125,Aug 19,@,SEA,W12-1,51,45,12,17,3,0,2,12,5,0,3,1,0,0,1,0,5,0,.244,.326,.431,.757,12,11,L,R.Elias (25)
126,126,Aug 20,,STL,L3-5,44,32,3,7,1,0,0,3,10,1,12,1,0,1,0,0,2,0,.244,.327,.429,.756,14,17,L,A.Gomber (49)
127,127,Aug 21,,STL,L2-5,40,35,2,9,1,0,1,2,4,0,10,1,0,0,1,1,0,0,.244,.327,.429,.756,11,16,R,D.Ponce de Leon (55)
128,128,Aug 22,,STL,L1-3,33,30,1,2,0,0,1,1,3,0,13,0,0,0,1,0,0,0,.243,.326,.427,.753,5,13,R,J.Flaherty (74)
129,129,Aug 24,,SDP,W11-1,42,36,11,13,4,0,3,10,6,0,12,0,0,0,0,1,0,0,.244,.327,.429,.756,7,13,L,C.Richard (18)
130,130,Aug 25,,SDP,W5-4,47,42,5,11,2,0,2,5,3,0,11,1,1,0,0,0,2,1,.244,.327,.430,.756,8,15,R,B.Kennedy (48)
131,131,Aug 26,,SDP,W7-3,39,34,7,11,4,0,1,7,5,0,8,0,0,0,1,2,0,0,.245,.327,.430,.758,8,16,L,R.Erlin (34)
132,132,Aug 28,@,TEX,W8-4,46,40,8,15,2,1,1,7,2,0,6,2,0,2,2,2,0,0,.246,.328,.431,.760,11,9,R,A.Jurado (35)
133,133,Aug 29,@,TEX,W3-1,33,29,3,4,0,1,3,3,4,0,10,0,0,0,0,1,0,1,.245,.328,.432,.760,3,10,L,M.Minor (64)
134,134,Aug 30,,ARI,L1-3,34,32,1,8,0,0,1,1,2,0,15,0,0,0,1,2,0,0,.245,.327,.431,.759,6,15,L,R.Ray (63)
135,135,Aug 31,,ARI,W3-2,32,29,3,6,1,0,2,3,1,0,6,1,1,0,0,0,0,0,.245,.327,.431,.758,5,12,R,Z.Greinke (58)
136,136,Sep 1,,ARI,W3-2,34,31,3,6,1,0,1,3,2,0,13,1,0,0,1,0,0,0,.245,.327,.431,.757,7,18,L,P.Corbin (67)
137,137,Sep 2,,ARI,W3-2,36,29,3,5,1,0,1,3,5,0,9,1,1,0,1,0,0,0,.244,.327,.430,.757,8,18,R,C.Buchholz (57)
138,138,Sep 3,,NYM,L2-4,35,32,2,7,2,0,1,2,2,0,8,0,0,1,2,3,1,0,.244,.326,.430,.756,6,19,R,J.deGrom (69)
139,139,Sep 4,,NYM,W11-4,41,37,11,13,4,0,2,10,3,0,7,1,0,0,1,1,2,0,.245,.327,.431,.758,6,22,L,J.Vargas (31)
140,140,Sep 5,,NYM,L3-7,32,30,3,3,0,0,2,3,2,0,10,0,0,0,0,0,0,0,.244,.326,.430,.756,2,14,R,Z.Wheeler (66)
141,141,Sep 7,@,COL,W4-2,43,33,4,8,2,0,1,3,9,0,9,1,0,0,1,1,0,2,.244,.327,.430,.757,12,19,R,J.Gray (45)
142,142,Sep 8,@,COL,L2-4,36,32,2,6,1,1,1,2,3,0,14,1,0,0,0,1,1,0,.244,.326,.430,.756,7,19,L,K.Freeland (66)
143,143,Sep 9,@,COL,W9-6,48,41,9,14,4,2,2,8,7,1,8,0,0,0,1,0,1,0,.245,.327,.432,.759,12,19,L,T.Anderson (34)
144,144,Sep 10,@,CIN,L6-10,42,36,6,9,2,0,2,6,6,0,9,0,0,0,1,0,2,0,.245,.327,.432,.759,9,19,L,C.Reed (42)
145,145,Sep 11,@,CIN,L1-3,33,30,1,5,1,0,1,1,3,0,11,0,0,0,0,2,0,0,.244,.327,.431,.758,5,15,R,L.Castillo (69)
146,146,Sep 12,@,CIN,W8-1,46,39,8,11,4,0,1,7,7,2,8,0,0,0,1,0,1,0,.244,.327,.432,.759,11,21,R,A.DeSclafani (34)
147,147,Sep 13,@,STL,W9-7,42,38,9,16,3,1,1,9,1,0,7,0,1,2,0,1,0,1,.246,.328,.433,.761,6,16,L,A.Gomber (15)
148,148,Sep 14,@,STL,W3-0,37,32,3,7,0,0,2,2,4,0,12,1,0,0,0,1,0,0,.246,.328,.433,.761,7,14,R,J.Flaherty (66)
149,149,Sep 15,@,STL,W17-4,52,41,17,16,1,0,5,16,10,1,9,1,0,0,1,2,0,0,.247,.330,.436,.765,8,22,R,J.Gant (27)
150,150,Sep 16,@,STL,L0-5,34,29,0,4,1,0,0,0,5,0,12,0,0,0,0,1,0,1,.246,.329,.434,.764,7,17,R,A.Wainwright (74)
151,151,Sep 17,,COL,W8-2,40,33,8,11,1,0,3,7,6,0,8,1,0,0,0,0,0,0,.247,.330,.435,.766,8,19,R,J.Gray (17)
152,152,Sep 18,,COL,W3-2,37,32,3,6,1,0,1,2,4,0,7,0,1,0,1,0,1,0,.246,.330,.435,.765,6,20,L,K.Freeland (56)
153,153,Sep 19,,COL,W5-2,31,28,5,5,2,0,2,5,3,0,5,0,0,0,0,1,1,0,.246,.329,.435,.764,2,19,L,T.Anderson (60)
154,154,Sep 21,,SDP,L3-5,40,36,3,9,2,0,1,3,4,0,10,0,0,0,0,0,0,0,.246,.329,.435,.764,10,24,L,E.Lauer (58)
155,155,Sep 22,,SDP,W7-2,36,33,7,9,3,0,3,7,2,0,10,1,0,0,0,0,0,0,.246,.329,.436,.765,5,15,R,J.Nix (23)
156,156,Sep 23,,SDP,W14-0,45,41,14,16,3,0,3,14,4,0,11,0,0,0,0,0,0,0,.247,.330,.438,.768,7,19,L,J.Lucchesi (23)
157,157,Sep 24,@,ARI,W7-4,44,36,7,9,2,0,1,5,8,2,11,0,0,0,0,0,1,0,.247,.331,.437,.768,10,22,L,R.Ray (55)
158,158,Sep 25,@,ARI,L3-4,39,35,3,10,2,1,1,3,4,0,7,0,0,0,0,2,1,0,.248,.331,.438,.769,9,21,R,M.Koch (48)
159,159,Sep 26,@,ARI,L2-7,37,35,2,9,1,0,0,2,2,1,8,0,0,0,0,1,0,0,.248,.331,.437,.767,8,21,R,Z.Greinke (52)
160,160,Sep 28,@,SFG,W3-1,36,35,3,9,1,0,1,3,1,0,10,0,0,0,1,1,1,0,.248,.330,.436,.767,6,18,L,M.Bumgarner (51)
161,161,Sep 29,@,SFG,W10-6,51,44,10,18,3,2,2,10,7,3,6,0,0,0,1,2,2,0,.249,.332,.438,.770,14,18,R,D.Rodriguez (25)
162,162,Sep 30,@,SFG,W15-0,47,40,15,16,5,1,3,14,5,0,6,1,0,1,0,2,0,0,.250,.333,.441,.774,5,21,L,A.Suarez (19)
163,163,Oct 1,,COL,W5-2,35,33,5,9,3,0,2,5,2,1,10,0,0,0,0,1,0,0,.250,.333,.442,.774,6,14,R,G.Marquez (49)