Rk,Gtm,Date,,Opp,Rslt,PA,AB,R,H,2B,3B,HR,RBI,BB,IBB,SO,HBP,SH,SF,ROE,GDP,SB,CS,BA,OBP,SLG,OPS,LOB,#,Thr,Opp. Starter (GmeSc)
1,1,Mar 29,,CHC,L4-8,40,33,4,8,2,1,0,4,6,0,7,1,0,0,0,2,0,0,.242,.375,.364,.739,9,16,L,J.Lester (31)
2,2,Mar 30,,CHC,W2-1,70,61,2,12,0,0,0,2,8,0,14,1,0,0,1,1,0,1,.213,.327,.255,.583,18,21,R,K.Hendricks (62)
3,3,Mar 31,,CHC,L6-10,42,37,6,10,0,0,1,6,3,0,7,2,0,0,0,2,0,1,.229,.336,.282,.618,6,16,R,Y.Darvish (35)
4,4,Apr 1,,CHC,W6-0,36,30,6,8,4,0,0,5,5,1,5,0,1,0,0,0,0,0,.236,.342,.304,.647,6,15,L,J.Quintana (34)
5,5,Apr 2,,BOS,L3-7,40,36,3,10,1,0,1,3,3,0,7,1,0,0,0,1,0,0,.244,.344,.320,.663,10,15,L,B.Johnson (59)
6,6,Apr 3,,BOS,L2-4,49,45,2,9,2,0,0,2,4,0,16,0,0,0,0,1,2,0,.236,.330,.306,.635,8,17,L,C.Sale (59)
7,7,Apr 5,@,PHI,L0-5,31,31,0,4,1,0,0,0,0,0,12,0,0,0,1,1,0,0,.223,.309,.289,.599,4,13,R,N.Pivetta (70)
8,8,Apr 7,@,PHI,L1-20,33,32,1,5,1,0,0,0,1,0,10,0,0,0,0,0,0,0,.216,.297,.279,.576,5,17,R,V.Velasquez (65)
9,9,Apr 8,@,PHI,W6-3,38,31,6,7,1,0,1,6,5,1,10,1,0,0,0,2,0,0,.217,.302,.286,.588,5,15,R,J.Arrieta (49)
10,10,Apr 9,,NYM,L2-4,39,35,2,9,2,0,0,2,3,0,9,1,0,0,1,1,1,0,.221,.305,.288,.594,10,16,R,N.Syndergaard (59)
11,11,Apr 10,,NYM,L6-8,41,36,6,11,1,0,2,6,2,1,9,1,1,1,0,0,0,0,.229,.309,.307,.616,8,16,R,J.deGrom (47)
12,12,Apr 11,,NYM,L1-4,30,28,1,2,0,0,1,1,2,0,10,0,0,0,0,1,0,0,.218,.298,.299,.597,2,17,R,Z.Wheeler (75)
13,13,Apr 13,,PIT,W7-2,38,34,7,14,0,1,1,4,2,0,4,0,1,1,0,2,1,0,.232,.308,.318,.626,7,14,R,C.Kuhl (28)
14,14,Apr 14,,PIT,L0-1,36,33,0,6,0,0,0,0,3,1,3,0,0,0,0,0,0,0,.229,.304,.309,.613,9,13,R,J.Taillon (63)
15,15,Apr 15,,PIT,L3-7,36,35,3,7,1,0,1,3,0,0,13,1,0,0,1,0,0,0,.227,.299,.309,.608,6,14,R,I.Nova (59)
16,16,Apr 16,@,NYY,L1-12,37,33,1,5,1,0,0,1,4,0,13,0,0,0,1,0,0,0,.223,.296,.302,.598,9,10,R,L.Severino (77)
17,17,Apr 17,@,NYY,W9-1,40,35,9,10,1,0,1,8,3,0,11,1,0,1,2,3,0,0,.226,.299,.307,.607,4,11,R,M.Tanaka (32)
18,18,Apr 19,@,MIL,L3-12,34,30,3,5,0,0,2,3,3,0,6,1,0,0,0,2,0,0,.224,.297,.310,.608,4,15,R,C.Anderson (47)
19,19,Apr 20,@,MIL,L0-8,37,33,0,6,0,0,0,0,4,0,10,0,0,0,0,0,0,0,.222,.296,.304,.600,10,16,R,J.Chacin (66)
20,20,Apr 21,@,MIL,L5-6,36,34,5,9,1,0,2,5,1,0,8,1,0,0,0,1,0,0,.224,.297,.312,.608,4,16,L,B.Suter (34)
21,21,Apr 22,@,MIL,L2-4,35,30,2,6,1,0,0,2,2,0,11,1,1,0,0,1,0,0,.223,.296,.309,.604,6,14,R,J.Guerra (58)
22,22,Apr 23,@,LAD,L1-2,38,32,1,6,0,0,0,1,5,0,8,1,0,0,0,0,1,1,.221,.296,.304,.600,10,14,R,W.Buehler (61)
23,23,Apr 24,@,LAD,W3-2,36,35,3,8,3,0,1,3,1,0,12,0,0,0,0,0,0,0,.222,.295,.308,.602,6,16,R,K.Maeda (66)
24,24,Apr 25,@,LAD,W8-6,47,40,8,11,2,0,3,6,7,0,15,0,0,0,2,0,1,0,.224,.299,.319,.618,12,14,L,C.Kershaw (46)
25,25,Apr 27,,COL,L0-1,37,33,0,6,2,0,0,0,4,0,10,0,0,0,0,0,0,0,.222,.298,.317,.614,10,14,L,T.Anderson (52)
26,26,Apr 28,,COL,W4-1,35,32,4,8,2,0,1,4,3,0,7,0,0,0,1,1,1,0,.223,.299,.320,.618,7,15,R,G.Marquez (55)
27,27,Apr 29,,COL,W3-0,31,27,3,5,0,0,1,3,3,0,6,0,0,1,0,0,0,1,.222,.297,.319,.616,4,12,R,C.Bettis (65)
28,28,Apr 30,,PHI,W8-4,37,35,8,13,5,0,1,8,2,0,6,0,0,0,0,1,1,1,.228,.301,.329,.630,5,16,R,J.Arrieta (21)
29,29,May 1,,PHI,W2-1,35,34,2,7,1,1,1,2,1,1,8,0,0,0,0,0,0,0,.227,.299,.331,.630,5,16,R,Z.Eflin (66)
30,30,May 2,,PHI,L0-6,30,29,0,5,0,0,0,0,1,0,7,0,0,0,0,1,0,1,.225,.296,.327,.623,3,14,R,A.Nola (76)
31,31,May 4,@,CIN,L1-4,33,29,1,5,0,0,1,1,3,0,4,1,0,0,0,3,0,0,.224,.295,.325,.621,5,14,R,S.Romano (58)
32,32,May 5,@,CIN,W6-0,36,34,6,8,1,0,2,6,0,0,8,1,1,0,1,0,0,0,.224,.294,.329,.623,3,15,R,T.Mahle (54)
33,33,May 6,@,CIN,W8-5,47,38,8,10,2,0,0,8,7,2,13,1,0,1,1,0,0,0,.226,.298,.328,.626,12,17,L,B.Finnegan (35)
34,34,May 7,@,CHC,L2-14,31,30,2,6,2,0,0,2,0,0,4,0,1,0,0,1,0,0,.225,.295,.327,.622,2,14,R,K.Hendricks (65)
35,35,May 8,@,CHC,L3-4,35,32,3,6,2,0,1,3,2,0,10,1,0,0,0,0,0,0,.224,.294,.327,.622,5,13,R,J.Tseng (39)
36,36,May 9,@,CHC,L4-13,38,34,4,8,0,1,2,4,4,0,7,0,0,0,0,0,0,1,.224,.295,.331,.626,7,14,L,J.Quintana (61)
37,37,May 10,,ATL,L2-9,37,32,2,5,0,0,1,2,4,0,7,0,1,0,1,0,0,0,.223,.294,.329,.623,8,15,R,M.Foltynewicz (61)
38,38,May 11,,ATL,W6-3,37,34,6,14,2,0,2,6,3,0,4,0,0,0,0,2,1,0,.228,.298,.337,.636,7,16,R,B.McCarthy (22)
39,39,May 12,,ATL,L5-10,39,37,5,10,4,0,0,4,2,0,10,0,0,0,1,1,0,0,.229,.298,.339,.637,7,15,R,M.Soroka (42)
40,40,May 13,,ATL,L3-4,36,30,3,4,1,0,1,3,4,0,10,1,1,0,1,1,0,0,.227,.297,.337,.634,6,15,L,S.Newcomb (72)
41,41,May 15,,LAD,W4-2,34,31,4,12,2,0,0,3,1,0,6,0,1,1,0,1,0,0,.230,.299,.340,.639,6,15,L,A.Wood (53)
42,42,May 16,,LAD,W6-5,40,34,6,11,2,0,2,6,4,1,9,1,0,1,1,0,0,0,.232,.302,.345,.647,10,16,R,W.Buehler (40)
43,43,May 17,,LAD,L0-7,31,31,0,4,1,0,0,0,0,0,11,0,0,0,0,0,0,0,.230,.299,.341,.640,4,15,R,K.Maeda (86)
44,44,May 18,@,ATL,W2-0,32,29,2,6,1,1,0,2,3,0,7,0,0,0,0,3,0,1,.230,.298,.340,.639,3,13,R,M.Wisler (53)
45,45,May 19,@,ATL,L1-8,34,32,1,5,1,0,0,1,2,0,5,0,0,0,0,0,0,0,.228,.296,.337,.634,6,11,L,S.Newcomb (62)
46,46,May 20,@,ATL,L9-10,46,38,9,12,2,1,3,8,6,2,8,2,0,0,0,1,0,0,.230,.300,.345,.645,10,17,R,J.Teheran (30)
47,47,May 21,@,NYM,L0-2,35,31,0,5,1,1,0,0,4,0,10,0,0,0,0,1,1,0,.229,.299,.343,.643,8,14,L,J.Vargas (69)
48,48,May 22,@,NYM,W5-1,39,36,5,9,1,0,1,5,2,0,11,0,1,0,1,0,0,0,.229,.299,.344,.643,7,14,R,Z.Wheeler (59)
49,49,May 23,@,NYM,W2-1,41,36,2,9,1,0,0,2,3,1,10,2,0,0,1,0,0,0,.230,.300,.342,.642,12,15,R,J.deGrom (75)
50,50,May 25,,WSN,L5-9,43,38,5,10,3,0,1,5,4,0,9,1,0,0,1,0,0,0,.231,.301,.344,.645,11,17,R,M.Scherzer (44)
51,51,May 26,,WSN,L1-4,34,31,1,6,2,0,0,1,2,0,7,0,1,0,1,2,1,0,.230,.300,.342,.643,6,13,R,T.Roark (68)
52,52,May 27,,WSN,L2-5,38,35,2,7,1,0,1,2,2,0,11,1,0,0,1,0,0,0,.229,.299,.342,.641,9,15,R,S.Strasburg (67)
53,53,May 28,@,SDP,W7-2,39,37,7,15,4,0,0,7,2,0,7,0,0,0,0,2,1,2,.233,.302,.345,.647,5,13,L,E.Lauer (24)
54,54,May 29,@,SDP,L5-9,36,35,5,10,2,1,1,4,1,0,9,0,0,0,0,2,0,0,.234,.302,.348,.650,4,14,R,T.Ross (47)
55,55,May 30,@,SDP,L2-3,33,31,2,4,0,0,1,2,1,0,6,1,0,0,0,0,0,0,.232,.300,.346,.646,4,14,L,C.Richard (65)
56,56,May 31,@,SDP,L3-8,38,36,3,10,0,0,1,3,2,0,11,0,0,0,0,0,0,0,.233,.301,.346,.647,8,14,R,J.Lyles (63)
57,57,Jun 1,@,ARI,L1-9,37,35,1,8,2,0,0,1,2,0,10,0,0,0,1,1,0,0,.233,.300,.345,.645,9,15,R,C.Buchholz (69)
58,58,Jun 2,@,ARI,L2-6,38,36,2,10,2,1,1,2,2,0,7,0,0,0,0,1,0,0,.234,.300,.348,.648,9,16,R,Z.Greinke (61)
59,59,Jun 3,@,ARI,L1-6,33,31,1,6,3,0,0,1,2,0,7,0,0,0,0,2,0,0,.233,.299,.347,.646,5,15,R,M.Koch (77)
60,60,Jun 5,@,STL,W7-4,44,33,7,9,1,0,2,6,9,0,10,0,0,2,2,3,1,0,.234,.302,.349,.650,10,16,R,C.Martinez (46)
61,61,Jun 6,@,STL,W11-3,49,45,11,17,6,1,3,9,2,0,10,2,0,0,3,1,0,0,.237,.304,.358,.662,11,12,R,J.Flaherty (36)
62,62,Jun 7,@,STL,L1-4,34,32,1,4,1,0,0,1,2,1,8,0,0,0,1,0,0,0,.235,.302,.355,.657,6,15,R,M.Mikolas (73)
63,63,Jun 8,,SDP,W4-0,40,30,4,8,2,0,0,4,9,1,9,0,0,1,0,0,1,0,.236,.304,.354,.659,12,14,L,E.Lauer (42)
64,64,Jun 9,,SDP,L4-5,36,34,4,7,2,0,1,2,2,0,11,0,0,0,1,1,0,0,.235,.304,.354,.658,5,17,R,T.Ross (47)
65,65,Jun 10,,SDP,L1-3,33,29,1,2,0,0,0,1,3,0,8,1,0,0,0,0,0,0,.233,.302,.351,.653,5,13,L,C.Richard (71)
66,66,Jun 11,,SFG,W7-5,34,31,7,8,3,1,2,7,2,0,5,0,0,1,1,0,1,0,.233,.302,.354,.656,3,17,L,M.Bumgarner (42)
67,67,Jun 12,,SFG,W3-1,33,28,3,6,1,0,0,3,3,1,6,1,1,0,0,0,0,0,.233,.302,.353,.655,6,14,R,C.Stratton (57)
68,68,Jun 13,,SFG,W5-4,38,32,5,10,1,0,0,5,5,0,9,0,0,1,0,2,0,0,.234,.303,.353,.656,7,15,L,A.Suarez (50)
69,69,Jun 14,,SFG,L3-6,62,58,3,15,3,0,1,3,2,1,8,0,1,1,1,3,0,1,.235,.303,.353,.656,11,20,R,D.Rodriguez (56)
70,70,Jun 15,@,BAL,W2-0,39,35,2,8,2,2,0,2,3,0,11,1,0,0,0,0,1,0,.235,.303,.354,.657,10,10,R,K.Gausman (55)
71,71,Jun 16,@,BAL,W5-4,36,34,5,8,2,0,2,5,2,0,9,0,0,0,0,1,0,0,.235,.303,.355,.658,4,9,R,A.Cobb (47)
72,72,Jun 17,@,BAL,L4-10,40,36,4,9,2,0,2,4,4,0,8,0,0,0,0,0,1,0,.235,.303,.357,.660,9,10,R,D.Bundy (49)
73,73,Jun 18,@,SFG,W5-4,36,32,5,8,3,0,0,5,3,0,9,0,1,0,0,1,0,0,.235,.303,.357,.660,4,17,L,A.Suarez (61)
74,74,Jun 19,@,SFG,L3-6,38,34,3,8,2,1,0,3,2,0,11,2,0,0,1,2,0,0,.235,.303,.357,.660,8,16,R,D.Rodriguez (47)
75,75,Jun 20,@,SFG,L5-6,40,36,5,13,3,0,0,5,2,0,9,0,0,2,1,2,0,0,.237,.304,.358,.662,8,14,L,D.Holland (51)
76,76,Jun 22,@,COL,L3-11,39,38,3,10,3,0,1,2,1,0,14,0,0,0,1,0,0,0,.237,.304,.359,.663,9,16,R,J.Gray (69)
77,77,Jun 23,@,COL,W6-2,40,36,6,9,0,0,2,6,4,0,9,0,0,0,0,0,0,0,.238,.304,.360,.664,7,14,L,T.Anderson (48)
78,78,Jun 24,@,COL,W8-5,44,39,8,12,3,1,1,8,4,1,11,0,0,0,1,1,0,0,.239,.305,.362,.667,9,17,R,G.Marquez (23)
79,79,Jun 25,,ARI,W9-5,39,35,9,11,2,0,1,9,4,0,11,0,0,0,0,0,0,0,.240,.306,.363,.669,6,16,R,S.Miller (32)
80,80,Jun 26,,ARI,L3-5,42,36,3,9,1,0,1,2,5,0,9,1,0,0,2,1,0,0,.240,.307,.363,.670,12,13,R,Z.Godley (47)
81,81,Jun 27,,ARI,L1-2,32,29,1,3,0,0,1,1,3,0,10,0,0,0,0,1,0,0,.238,.306,.362,.667,4,16,L,R.Ray (72)
82,82,Jun 28,,ARI,L0-4,37,36,0,10,0,0,0,0,0,0,8,1,0,0,1,2,0,0,.239,.306,.360,.666,10,15,R,Z.Greinke (69)
83,83,Jun 29,,NYM,W8-2,35,32,8,11,1,0,2,8,2,0,4,0,0,1,0,2,1,0,.240,.306,.363,.669,3,15,R,C.Oswalt (21)
84,84,Jun 30,,NYM,W5-2,34,32,5,9,1,0,1,5,1,0,10,1,0,0,1,0,0,2,.240,.307,.363,.670,5,15,R,J.deGrom (55)
85,85,Jul 1,,NYM,L2-5,36,33,2,4,1,0,1,1,3,0,11,0,0,0,3,1,2,0,.239,.305,.362,.667,7,14,L,S.Matz (64)
86,86,Jul 2,,TBR,W3-2,40,38,3,12,1,0,1,3,2,0,8,0,0,0,0,1,0,0,.240,.306,.363,.668,10,17,R,N.Eovaldi (52)
87,87,Jul 3,,TBR,L6-9,68,59,6,15,2,0,0,6,6,2,11,1,0,2,0,0,0,0,.240,.306,.361,.667,14,22,L,R.Yarbrough (45)
88,88,Jul 4,,TBR,W3-0,34,30,3,6,0,1,1,3,3,0,6,1,0,0,0,0,0,1,.240,.306,.361,.667,7,14,R,M.Andriese (55)
89,89,Jul 5,@,WSN,L12-14,46,42,12,14,2,0,3,11,2,0,10,2,0,0,1,0,0,0,.241,.307,.364,.672,7,14,R,J.Hellickson (11)
90,90,Jul 6,@,WSN,L2-3,37,31,2,9,1,0,0,2,5,0,6,0,1,0,0,3,0,1,.242,.308,.364,.672,8,13,L,G.Gonzalez (43)
91,91,Jul 7,@,WSN,L4-18,34,32,4,7,0,1,3,4,2,0,3,0,0,0,0,2,0,0,.241,.308,.366,.674,3,12,R,M.Scherzer (48)
92,92,Jul 8,@,WSN,W10-2,54,45,10,22,2,0,0,10,5,0,9,2,2,0,0,1,2,1,.245,.311,.368,.680,17,18,R,T.Roark (28)
93,93,Jul 9,,MIL,W4-3,44,37,4,13,1,0,2,4,4,0,7,1,1,1,1,1,3,0,.246,.313,.370,.683,12,16,R,C.Anderson (48)
94,94,Jul 10,,MIL,L4-8,38,34,4,9,1,0,0,4,3,0,5,0,0,1,1,0,0,1,.246,.313,.370,.682,7,14,R,J.Chacin (39)
95,95,Jul 11,,MIL,W5-4,48,40,5,8,0,1,1,5,6,1,10,1,0,1,1,0,1,1,.246,.313,.369,.682,9,17,R,F.Peralta (44)
96,96,Jul 13,,PHI,L0-2,30,26,0,3,1,0,0,0,4,0,4,0,0,0,0,2,0,0,.245,.312,.367,.679,3,13,R,J.Arrieta (71)
97,97,Jul 14,,PHI,W2-0,32,29,2,4,0,0,0,2,2,0,6,1,0,0,1,0,1,0,.244,.311,.365,.677,6,14,R,A.Nola (60)
98,98,Jul 15,,PHI,W10-5,42,37,10,15,2,0,2,9,2,0,5,2,0,1,0,0,1,0,.246,.313,.368,.681,8,17,R,E.De Los Santos (30)
99,99,Jul 20,@,TBR,W6-5,38,35,6,8,1,0,2,4,3,0,14,0,0,0,0,0,1,0,.245,.313,.369,.681,5,10,R,N.Eovaldi (64)
100,100,Jul 21,@,TBR,W3-2,38,34,3,7,1,0,1,3,4,0,10,0,0,0,0,0,0,0,.245,.312,.368,.681,8,10,R,R.Stanek (51)
101,101,Jul 22,@,TBR,L4-6,39,37,4,9,3,0,0,3,1,0,14,1,0,0,1,0,0,0,.245,.312,.368,.680,8,11,R,C.Archer (55)
102,102,Jul 23,,ATL,L1-12,35,30,1,5,0,0,1,1,5,0,7,0,0,0,0,2,0,0,.244,.312,.367,.679,7,14,L,S.Newcomb (61)
103,103,Jul 24,,ATL,W9-3,37,33,9,10,1,0,2,8,2,0,6,1,0,1,1,2,0,0,.245,.312,.368,.681,4,14,R,J.Teheran (18)
104,104,Jul 26,,WSN,L3-10,35,34,3,10,3,0,0,3,0,0,11,0,0,1,0,0,0,1,.245,.312,.369,.680,5,16,L,T.Milone (45)
105,105,Jul 27,,WSN,L1-9,34,32,1,3,1,0,0,1,1,0,11,1,0,0,2,0,0,0,.244,.311,.366,.677,6,14,R,M.Scherzer (84)
106,106,Jul 28,,WSN,W2-1,39,32,2,8,0,0,0,2,5,0,5,0,0,1,0,1,0,0,.244,.311,.365,.676,10,16,L,G.Gonzalez (67)
107,107,Jul 29,,WSN,W5-0,35,34,5,9,2,0,0,4,0,0,5,1,0,0,1,0,0,0,.244,.311,.365,.676,6,14,R,J.Hellickson (36)
108,108,Jul 30,@,ATL,L3-5,39,35,3,8,2,0,1,3,4,1,6,0,0,0,1,1,1,0,.244,.311,.365,.676,9,13,R,J.Teheran (47)
109,109,Jul 31,@,ATL,L6-11,40,35,6,11,2,0,1,5,2,0,6,1,1,1,1,1,0,0,.245,.311,.366,.677,7,15,L,K.Allard (30)
110,110,Aug 2,@,PHI,L2-5,31,31,2,5,0,0,1,2,0,0,8,0,0,0,0,0,0,1,.244,.310,.365,.675,2,15,R,N.Pivetta (63)
111,111,Aug 3,@,PHI,L1-5,34,32,1,6,2,0,0,1,1,0,10,1,0,0,0,0,0,1,.244,.309,.364,.673,6,15,R,V.Velasquez (75)
112,112,Aug 4,@,PHI,L3-8,31,30,3,4,0,0,2,3,1,0,8,0,0,0,0,1,0,0,.243,.308,.364,.672,1,14,R,Z.Eflin (68)
113,113,Aug 5,@,PHI,L3-5,39,37,3,9,0,0,2,3,2,0,7,0,0,0,1,0,0,0,.243,.308,.364,.672,9,14,R,A.Nola (50)
114,114,Aug 6,,STL,W2-1,31,31,2,8,2,0,1,2,0,0,6,0,0,0,0,1,0,0,.243,.308,.365,.672,5,16,R,L.Weaver (55)
115,115,Aug 7,,STL,L2-3,33,31,2,6,0,1,0,2,1,0,2,0,1,0,0,1,0,0,.243,.307,.364,.671,4,14,R,M.Mikolas (60)
116,116,Aug 8,,STL,L1-7,31,30,1,3,1,0,0,1,1,0,6,0,0,0,0,0,0,0,.241,.306,.362,.668,3,13,R,J.Gant (67)
117,117,Aug 10,,NYM,L2-6,34,30,2,4,1,0,1,2,2,0,8,1,1,0,1,1,0,0,.241,.305,.361,.666,5,14,R,Z.Wheeler (68)
118,118,Aug 11,,NYM,W4-3,45,40,4,11,2,0,0,4,3,0,7,1,1,0,0,0,0,0,.241,.305,.361,.666,10,20,R,C.Oswalt (50)
119,119,Aug 12,,NYM,L3-4,39,37,3,10,0,0,0,3,2,0,7,0,0,0,1,1,3,0,.241,.305,.360,.666,9,14,R,N.Syndergaard (56)
120,120,Aug 13 (1),@,ATL,L1-9,35,28,1,3,1,0,0,1,6,0,7,1,0,0,0,2,0,0,.240,.305,.359,.664,7,14,R,T.Toussaint (66)
121,121,Aug 13 (2),@,ATL,L1-6,33,29,1,5,2,0,0,1,4,0,9,0,0,0,0,2,0,0,.240,.305,.358,.663,5,15,R,M.Foltynewicz (72)
122,122,Aug 14,@,ATL,L6-10,42,37,6,11,2,0,1,6,3,0,13,1,1,0,1,1,3,0,.240,.306,.359,.664,9,14,R,A.Sanchez (39)
123,123,Aug 15,@,ATL,L2-5,32,30,2,4,0,0,1,2,2,0,5,0,0,0,0,1,1,0,.240,.305,.358,.662,3,16,R,K.Gausman (56)
124,124,Aug 17,@,WSN,L2-8,35,34,2,9,0,0,1,2,1,0,10,0,0,0,0,1,0,1,.240,.305,.358,.662,6,13,R,M.Scherzer (68)
125,125,Aug 18,@,WSN,W7-5,45,39,7,11,1,0,2,7,5,1,7,0,1,0,1,0,0,1,.240,.305,.359,.664,8,18,R,J.Rodriguez (45)
126,126,Aug 19,@,WSN,W12-1,50,45,12,17,7,0,3,12,4,1,9,0,0,1,2,0,1,0,.242,.306,.362,.669,11,9,L,G.Gonzalez (13)
127,127,Aug 21,,NYY,L1-2,47,40,1,7,0,0,1,1,6,2,13,0,1,0,1,0,0,1,.241,.306,.361,.668,10,17,R,M.Tanaka (63)
128,128,Aug 22,,NYY,W9-3,42,38,9,14,2,0,2,9,4,0,8,0,0,0,2,2,0,0,.242,.307,.363,.670,9,16,R,L.Lynn (35)
129,129,Aug 23,,ATL,L0-5,36,31,0,5,1,0,0,0,3,0,13,2,0,0,0,1,0,0,.242,.307,.362,.669,9,16,L,S.Newcomb (73)
130,130,Aug 24,,ATL,W1-0,33,28,1,3,1,0,0,1,5,1,11,0,0,0,1,0,1,0,.241,.307,.361,.667,8,15,R,M.Foltynewicz (70)
131,131,Aug 25,,ATL,W3-1,32,28,3,6,0,1,1,3,2,0,5,0,1,1,0,0,1,0,.241,.306,.361,.667,5,16,R,A.Sanchez (57)
132,132,Aug 26,,ATL,L0-4,31,29,0,2,0,0,0,0,2,0,9,0,0,0,0,0,0,0,.239,.305,.359,.664,4,14,R,K.Gausman (69)
133,133,Aug 28,@,BOS,L7-8,44,39,7,13,1,1,3,7,5,0,6,0,0,0,0,0,0,1,.240,.306,.361,.668,10,12,L,B.Johnson (51)
134,134,Aug 29,@,BOS,L6-14,38,34,6,9,1,0,2,6,2,0,7,2,0,0,0,1,0,1,.240,.306,.362,.669,5,10,L,D.Price (40)
135,135,Aug 31,,TOR,L5-6,44,37,5,12,3,0,0,5,5,1,3,2,0,0,0,1,0,1,.241,.307,.363,.670,12,14,R,A.Sanchez (26)
136,136,Sep 1,,TOR,W6-3,35,30,6,9,2,0,1,6,3,0,2,0,1,1,0,0,0,0,.241,.308,.363,.671,5,11,R,M.Estrada (21)
137,137,Sep 2,,TOR,L1-6,34,32,1,6,1,0,0,1,1,0,13,1,0,0,0,0,0,0,.241,.307,.362,.670,6,16,R,S.Reid-Foley (74)
138,138,Sep 3,,PHI,W3-1,30,29,3,6,1,1,0,3,1,0,8,0,0,0,0,0,0,0,.241,.307,.362,.669,3,14,R,V.Velasquez (50)
139,139,Sep 4,,PHI,L4-9,39,37,4,11,2,0,2,4,2,0,12,0,0,0,0,1,0,0,.241,.307,.363,.670,8,19,R,J.Arrieta (55)
140,140,Sep 5,,PHI,W2-1,32,28,2,4,0,0,0,2,3,0,8,1,0,0,0,0,0,0,.241,.307,.362,.669,6,14,R,N.Pivetta (50)
141,141,Sep 7,@,PIT,L3-5,36,32,3,7,3,0,1,3,3,0,9,0,1,0,0,1,0,0,.241,.307,.362,.669,6,20,R,C.Archer (53)
142,142,Sep 8,@,PIT,L1-5,36,33,1,5,2,0,0,0,3,0,13,0,0,0,1,0,0,0,.240,.306,.361,.667,8,15,R,I.Nova (74)
143,143,Sep 11,@,NYM,W5-3,35,33,5,7,2,1,1,5,2,0,11,0,0,0,0,1,0,0,.240,.306,.362,.667,3,16,R,J.deGrom (70)
144,144,Sep 12 (1),@,NYM,L0-13,31,30,0,5,0,0,0,0,0,0,9,0,1,0,0,1,0,0,.239,.305,.360,.665,4,17,R,Z.Wheeler (81)
145,145,Sep 13 (1),@,NYM,L3-4,35,31,3,5,1,0,2,3,4,0,8,0,0,0,0,1,1,0,.239,.305,.361,.665,5,13,L,S.Matz (57)
146,146,Sep 13 (2),@,NYM,L2-5,35,31,2,4,0,0,1,2,3,0,13,1,0,0,0,0,1,0,.238,.304,.360,.664,6,17,L,J.Vargas (63)
147,147,Sep 14,@,PHI,L2-14,38,35,2,9,2,0,1,1,2,0,5,1,0,0,0,0,0,0,.238,.304,.360,.664,9,18,R,Z.Eflin (62)
148,148,Sep 15,@,PHI,L4-5,35,34,4,6,3,0,0,4,1,0,12,0,0,0,2,1,0,1,.238,.304,.359,.663,4,18,R,V.Velasquez (35)
149,149,Sep 16,@,PHI,W6-4,37,33,6,9,2,1,1,5,2,0,11,0,1,1,0,1,0,0,.238,.304,.360,.664,4,17,R,N.Pivetta (54)
150,150,Sep 17,,WSN,W8-5,39,32,8,9,2,0,1,7,6,0,10,0,0,1,0,0,1,0,.238,.304,.361,.665,7,18,R,E.Fedde (53)
151,151,Sep 18,,WSN,L2-4,36,33,2,6,0,0,1,2,2,0,15,1,0,0,0,0,0,0,.238,.304,.360,.664,7,17,R,S.Strasburg (63)
152,152,Sep 20,,CIN,L2-4,37,32,2,7,1,0,0,2,4,0,7,1,0,0,0,2,0,0,.238,.304,.359,.663,8,17,L,C.Reed (68)
153,153,Sep 21,,CIN,W1-0,34,33,1,7,3,0,0,1,1,0,6,0,0,0,0,1,0,0,.238,.303,.359,.663,5,14,R,L.Castillo (77)
154,154,Sep 22,,CIN,W5-1,33,32,5,7,1,0,1,5,1,0,10,0,0,0,1,0,0,0,.238,.303,.359,.662,4,15,R,A.DeSclafani (50)
155,155,Sep 23,,CIN,W6-0,39,37,6,14,0,0,1,5,2,0,4,0,0,0,1,1,0,0,.239,.304,.360,.663,9,13,R,M.Lorenzen (26)
156,156,Sep 24,@,WSN,L3-7,40,34,3,6,2,0,0,3,5,0,9,1,0,0,1,0,1,0,.238,.304,.359,.663,10,13,R,S.Strasburg (53)
157,157,Sep 25,@,WSN,L4-9,37,35,4,9,1,0,1,4,0,0,12,1,1,0,0,0,0,0,.238,.304,.359,.663,6,19,R,M.Scherzer (73)
158,158,Sep 26,@,WSN,L3-9,30,26,3,5,0,0,1,3,4,0,9,0,0,0,0,0,0,0,.238,.304,.359,.662,6,16,R,K.McGowin (61)
159,159,Sep 28,@,NYM,W8-1,47,42,8,13,4,0,0,6,5,0,10,0,0,0,3,0,1,1,.239,.304,.359,.663,12,14,R,C.Oswalt (51)
160,160,Sep 29,@,NYM,L0-1,45,40,0,5,1,0,0,0,3,0,13,1,1,0,0,1,0,2,.238,.304,.358,.661,6,21,L,S.Matz (73)
161,161,Sep 30,@,NYM,L0-1,31,31,0,5,1,0,0,0,0,0,6,0,0,0,0,1,0,0,.237,.303,.357,.659,4,13,R,N.Syndergaard (83)