Rk,Gtm,Date,,Opp,Rslt,PA,AB,R,H,2B,3B,HR,RBI,BB,IBB,SO,HBP,SH,SF,ROE,GDP,SB,CS,BA,OBP,SLG,OPS,LOB,#,Thr,Opp. Starter (GmeSc)
1,1,Mar 29,@,SDP,W2-1,45,42,2,10,2,0,0,2,2,0,9,1,0,0,0,3,1,1,.238,.289,.286,.575,7,19,L,C.Richard (64)
2,2,Mar 30,@,SDP,W8-6,40,37,8,11,4,0,1,8,1,0,4,0,1,1,2,1,1,0,.266,.298,.380,.677,5,16,L,J.Lucchesi (39)
3,3,Mar 31,@,SDP,W7-3,45,39,7,12,3,0,0,7,6,1,9,0,0,0,0,0,3,0,.280,.333,.381,.715,11,15,R,L.Perdomo (31)
4,4,Apr 2,,STL,L4-8,36,35,4,8,2,0,3,4,1,0,9,0,0,0,1,1,0,0,.268,.315,.418,.733,5,13,R,M.Mikolas (44)
5,5,Apr 3,,STL,W5-4,39,37,5,12,2,0,2,5,2,0,13,0,0,0,0,0,0,0,.279,.324,.442,.766,8,16,R,J.Flaherty (59)
6,6,Apr 4,,STL,L0-6,34,31,0,5,0,0,0,0,2,0,10,1,0,0,1,2,1,0,.262,.311,.403,.714,7,14,R,C.Martinez (83)
7,7,Apr 5,,CHC,L0-8,32,30,0,4,2,0,0,0,1,0,11,1,0,0,0,0,1,1,.247,.296,.378,.675,5,16,L,J.Lester (71)
8,8,Apr 6,,CHC,W5-4,44,37,5,12,1,0,2,5,6,0,8,0,1,0,1,0,0,0,.257,.313,.396,.709,14,15,R,K.Hendricks (33)
9,9,Apr 7,,CHC,L2-5,33,30,2,4,1,0,1,2,1,0,13,1,0,1,0,0,0,0,.245,.301,.384,.684,4,15,R,Y.Darvish (72)
10,10,Apr 8,,CHC,L0-3,31,29,0,3,1,0,0,0,2,0,9,0,0,0,0,0,0,1,.233,.289,.363,.652,4,13,L,J.Quintana (70)
11,11,Apr 9,@,STL,W5-4,46,40,5,11,4,0,0,5,5,1,6,0,1,0,0,0,0,0,.238,.296,.364,.661,11,17,R,M.Mikolas (46)
12,12,Apr 10,@,STL,L3-5,49,43,3,11,1,0,1,3,5,1,10,1,0,0,0,1,0,0,.240,.301,.363,.664,13,18,R,C.Martinez (58)
13,13,Apr 11,@,STL,W3-2,34,33,3,8,2,0,2,3,1,0,5,0,0,0,0,2,0,0,.240,.299,.371,.671,4,13,R,A.Wainwright (53)
14,14,Apr 13,@,NYM,L5-6,38,34,5,10,1,0,3,5,2,0,6,1,1,0,1,2,1,0,.243,.303,.386,.689,6,15,L,S.Matz (51)
15,15,Apr 14,@,NYM,W5-1,37,35,5,9,1,0,3,5,1,0,13,0,1,0,0,0,1,0,.244,.301,.397,.698,5,13,R,M.Harvey (40)
16,16,Apr 15,@,NYM,L2-3,38,33,2,4,0,0,0,0,5,0,16,0,0,0,2,0,2,0,.237,.297,.381,.678,9,16,R,N.Syndergaard (72)
17,17,Apr 16,,CIN,L4-10,37,33,4,7,1,0,0,3,4,0,11,0,0,0,0,1,0,0,.236,.297,.373,.670,6,14,R,L.Castillo (53)
18,18,Apr 17,,CIN,W2-0,33,31,2,8,1,0,1,2,2,0,6,0,0,0,0,1,0,0,.237,.297,.374,.671,7,14,R,S.Romano (53)
19,19,Apr 18,,CIN,W2-0,35,29,2,8,0,0,1,2,5,1,8,0,1,0,0,2,1,0,.239,.301,.374,.675,9,12,R,T.Mahle (47)
20,20,Apr 19,,MIA,W12-3,43,36,12,13,5,0,3,10,7,1,6,0,0,0,1,1,0,1,.245,.311,.393,.704,7,16,L,D.Peters (41)
21,21,Apr 20,,MIA,W8-0,43,33,8,10,2,1,2,7,8,0,14,2,0,0,0,0,1,0,.248,.319,.403,.722,11,14,R,T.Richards (28)
22,22,Apr 21,,MIA,W6-5,34,29,6,7,1,0,2,5,4,0,5,0,0,1,2,1,0,1,.247,.319,.406,.725,4,16,R,J.Urena (44)
23,23,Apr 22,,MIA,W4-2,33,29,4,4,0,0,1,3,4,1,14,0,0,0,1,0,1,0,.243,.316,.400,.716,5,15,L,C.Smith (70)
24,24,Apr 24,@,KCR,W5-2,39,34,5,12,0,0,2,5,4,0,3,0,1,0,0,2,1,1,.248,.321,.405,.726,7,10,R,I.Kennedy (30)
25,25,Apr 25,@,KCR,W6-2,40,35,6,8,2,0,0,5,3,0,3,0,0,2,2,0,0,0,.247,.319,.400,.719,7,9,R,J.Hammel (49)
26,26,Apr 26,@,CHC,L0-1,31,31,0,6,2,0,0,0,0,0,6,0,0,0,0,1,1,1,.245,.315,.395,.710,4,11,R,K.Hendricks (74)
27,27,Apr 27,@,CHC,L2-3,36,30,2,4,1,0,0,2,4,0,10,0,0,2,1,0,1,0,.242,.311,.388,.699,7,14,R,Y.Darvish (70)
28,28,Apr 28,@,CHC,L0-3,30,29,0,2,1,0,0,0,1,0,10,0,0,0,1,0,0,0,.236,.305,.379,.685,3,12,L,J.Quintana (79)
29,29,Apr 29,@,CHC,L0-2,31,27,0,2,0,0,0,0,4,0,6,0,0,0,0,2,2,0,.232,.302,.371,.673,4,15,R,T.Chatwood (74)
30,30,Apr 30,@,CIN,W6-5,40,35,6,9,1,0,2,5,5,0,4,0,0,0,0,1,5,0,.233,.304,.374,.678,7,15,L,B.Finnegan (44)
31,31,May 1,@,CIN,W7-6,36,33,7,9,1,1,3,7,2,0,7,0,1,0,0,0,0,1,.234,.304,.382,.686,2,14,R,H.Bailey (35)
32,32,May 2,@,CIN,W3-1,40,39,3,12,2,0,1,3,1,0,11,0,0,0,2,1,1,0,.237,.305,.384,.689,10,15,R,L.Castillo (52)
33,33,May 4,,PIT,L4-6,38,35,4,9,2,0,2,4,3,0,12,0,0,0,0,1,0,0,.237,.305,.387,.692,7,16,R,N.Kingham (46)
34,34,May 5,,PIT,W5-3,37,31,5,9,3,0,0,4,6,1,5,0,0,0,0,1,0,0,.239,.308,.387,.695,8,14,R,J.Taillon (50)
35,35,May 6,,PIT,L0-9,30,28,0,2,0,0,0,0,2,0,14,0,0,0,0,1,0,0,.235,.304,.380,.684,3,16,R,C.Kuhl (81)
36,36,May 8,,CLE,W3-2,34,32,3,8,1,0,2,3,2,1,5,0,0,0,2,1,0,0,.235,.304,.382,.686,7,15,R,C.Kluber (53)
37,37,May 9,,CLE,L2-6,31,29,2,5,1,0,0,2,1,0,14,0,0,1,0,2,0,0,.234,.301,.378,.679,2,14,R,C.Carrasco (82)
38,38,May 10,@,COL,W5-2,42,35,5,12,2,0,1,5,5,0,6,1,0,1,0,1,0,1,.237,.305,.381,.686,10,15,R,G.Marquez (20)
39,39,May 11,@,COL,W11-10,50,43,11,17,4,0,2,11,6,0,7,0,0,1,0,2,2,0,.242,.310,.389,.699,9,18,R,C.Bettis (19)
40,40,May 12,@,COL,L0-4,36,32,0,5,1,0,0,0,4,0,10,0,0,0,1,1,0,0,.240,.309,.384,.693,9,14,L,K.Freeland (67)
41,41,May 13,@,COL,W7-3,43,40,7,13,4,0,2,7,2,0,15,1,0,0,0,0,0,0,.242,.311,.390,.700,9,15,R,J.Gray (33)
42,42,May 14,@,ARI,W7-2,39,36,7,10,2,0,2,7,2,0,12,0,0,1,0,0,3,0,.243,.311,.393,.703,5,13,L,P.Corbin (51)
43,43,May 15,@,ARI,L1-2,33,32,1,5,3,0,0,1,1,0,10,0,0,0,1,1,0,0,.241,.308,.389,.697,5,14,R,Z.Greinke (64)
44,44,May 16,@,ARI,W8-2,38,36,8,10,2,0,4,8,2,0,2,0,0,0,0,0,1,0,.242,.308,.396,.704,3,13,R,M.Koch (12)
45,45,May 18,@,MIN,W8-3,44,38,8,15,4,0,3,7,5,1,9,0,0,1,0,2,0,0,.246,.312,.405,.717,9,9,R,K.Gibson (33)
46,46,May 19,@,MIN,W5-4,35,30,5,6,1,0,2,4,3,0,6,1,0,1,0,2,0,0,.245,.311,.405,.717,3,9,R,F.Romero (47)
47,47,May 20,@,MIN,L1-3,35,33,1,7,0,0,1,1,2,0,17,0,0,0,0,0,0,0,.244,.310,.403,.713,7,10,R,J.Odorizzi (63)
48,48,May 21,,ARI,W4-2,30,30,4,6,0,0,3,4,0,0,11,0,0,0,0,0,1,0,.244,.309,.405,.713,2,13,R,Z.Greinke (55)
49,49,May 22,,ARI,W1-0,30,26,1,4,1,0,0,1,3,0,8,0,0,1,0,0,0,1,.242,.307,.401,.709,5,14,R,M.Koch (60)
50,50,May 23,,ARI,W9-2,41,32,9,10,2,0,2,8,8,0,8,0,1,0,1,2,0,0,.243,.310,.405,.715,8,13,R,Z.Godley (15)
51,51,May 24,,NYM,L0-5,34,30,0,5,0,0,0,0,3,0,5,1,0,0,0,2,0,0,.242,.310,.400,.710,7,14,L,S.Matz (64)
52,52,May 25,,NYM,W4-3,40,37,4,9,1,0,1,4,3,1,12,0,0,0,1,1,2,0,.242,.309,.399,.709,7,15,R,N.Syndergaard (56)
53,53,May 26,,NYM,W17-6,51,43,17,19,6,1,2,17,8,0,9,0,0,0,1,1,2,0,.247,.315,.408,.723,10,16,L,J.Vargas (30)
54,54,May 27,,NYM,W8-7,38,35,8,11,2,0,1,8,3,0,8,0,0,0,1,1,0,0,.248,.316,.409,.725,6,14,R,Z.Wheeler (48)
55,55,May 28,,STL,W8-3,37,33,8,9,2,0,2,6,4,1,7,0,0,0,1,0,3,0,.249,.317,.411,.728,5,14,R,L.Weaver (43)
56,56,May 29,,STL,L1-6,34,29,1,3,1,0,0,1,4,0,8,0,1,0,1,1,0,0,.246,.315,.407,.722,6,16,R,M.Wacha (65)
57,57,May 30,,STL,W3-2,39,31,3,10,0,0,1,3,6,0,4,1,1,0,1,2,1,0,.248,.317,.407,.724,12,16,R,A.Reyes (56)
58,58,Jun 1,@,CHW,L3-8,40,31,3,5,1,0,1,3,8,0,6,0,0,1,0,0,0,0,.246,.318,.405,.723,10,9,L,H.Santiago (34)
59,59,Jun 2,@,CHW,W5-0,36,34,5,10,1,0,4,5,2,0,7,0,0,0,0,2,1,0,.247,.318,.410,.728,4,9,R,J.Shields (54)
60,60,Jun 3,@,CHW,L1-6,35,32,1,6,0,0,0,0,3,0,9,0,0,0,1,0,0,1,.246,.317,.406,.723,7,10,R,D.Covey (61)
61,61,Jun 5,@,CLE,L2-3,34,34,2,8,1,0,1,2,0,0,9,0,0,0,0,1,0,0,.246,.316,.405,.721,5,9,R,C.Kluber (66)
62,62,Jun 6,@,CLE,L1-3,35,34,1,9,1,0,0,1,1,0,15,0,0,0,0,2,0,0,.246,.315,.404,.719,7,10,R,C.Carrasco (66)
63,63,Jun 8,@,PHI,W12-4,44,38,12,13,4,0,3,12,4,0,11,0,2,0,0,0,0,0,.248,.317,.409,.725,5,14,R,V.Velasquez (5)
64,64,Jun 9,@,PHI,W12-3,46,40,12,13,2,1,3,12,3,0,7,2,0,0,1,1,1,0,.249,.318,.413,.731,7,16,R,J.Arrieta (43)
65,65,Jun 10,@,PHI,L3-4,38,35,3,8,2,0,0,3,1,0,14,2,0,0,0,0,1,0,.249,.318,.411,.729,8,15,R,Z.Eflin (66)
66,66,Jun 11,,CHC,L2-7,40,38,2,8,2,0,2,2,2,0,9,0,0,0,0,3,0,0,.248,.317,.411,.728,5,17,L,J.Quintana (57)
67,67,Jun 12,,CHC,W4-0,34,31,4,7,2,0,0,4,3,0,10,0,0,0,0,0,1,1,.248,.316,.410,.726,6,13,R,T.Chatwood (44)
68,68,Jun 13,,CHC,W1-0,29,27,1,4,0,0,1,1,2,0,6,0,0,0,0,2,2,0,.247,.315,.408,.723,4,13,L,M.Montgomery (67)
69,69,Jun 15,,PHI,W13-2,44,38,13,13,2,0,3,11,4,0,7,1,0,1,3,1,1,0,.248,.317,.411,.728,7,14,R,J.Arrieta (21)
70,70,Jun 16,,PHI,L1-4,32,30,1,5,1,0,0,1,1,0,9,1,0,0,0,0,1,1,.247,.316,.409,.724,4,14,R,Z.Eflin (62)
71,71,Jun 17,,PHI,L9-10,47,37,9,13,6,0,3,9,7,0,11,1,1,1,0,1,3,0,.249,.318,.414,.732,11,16,R,A.Nola (33)
72,72,Jun 18,@,PIT,L0-1,32,29,0,2,0,0,0,0,2,0,10,1,0,0,0,0,2,0,.247,.316,.410,.726,5,13,R,T.Williams (80)
73,73,Jun 19,@,PIT,W3-2,36,35,3,9,1,1,1,3,1,0,13,0,0,0,0,1,2,0,.247,.316,.410,.726,6,15,R,J.Taillon (47)
74,74,Jun 21,,STL,W11-3,42,37,11,12,3,1,1,9,4,0,5,0,0,1,3,1,1,0,.248,.317,.412,.729,7,13,R,C.Martinez (23)
75,75,Jun 22,,STL,W2-1,32,28,2,3,0,0,2,2,3,0,15,1,0,0,0,0,1,0,.247,.315,.411,.727,5,15,R,J.Flaherty (82)
76,76,Jun 23,,STL,L2-3,35,29,2,6,0,0,0,2,2,0,6,3,0,1,0,3,1,0,.246,.315,.409,.724,6,16,R,M.Mikolas (63)
77,77,Jun 24,,STL,L2-8,36,34,2,6,2,0,1,2,2,0,14,0,0,0,1,0,0,0,.245,.314,.408,.722,7,17,R,L.Weaver (58)
78,78,Jun 26,,KCR,W5-1,37,33,5,9,3,0,3,5,4,0,9,0,0,0,0,0,1,0,.246,.315,.411,.725,8,13,R,J.Junis (37)
79,79,Jun 27,,KCR,L4-5,38,34,4,9,1,0,2,4,4,0,9,0,0,0,0,2,1,0,.246,.315,.411,.727,7,16,L,D.Duffy (63)
80,80,Jun 28,@,CIN,W6-4,37,33,6,8,1,0,2,6,2,0,6,0,1,1,0,1,0,0,.246,.315,.412,.727,4,16,R,A.DeSclafani (52)
81,81,Jun 29,@,CIN,W8-2,44,37,8,12,1,0,2,6,4,0,7,2,1,0,0,0,3,1,.247,.316,.413,.729,9,15,R,S.Romano (48)
82,82,Jun 30,@,CIN,L3-12,38,34,3,6,2,0,1,3,4,1,18,0,0,0,1,0,0,0,.246,.315,.412,.728,8,15,R,T.Mahle (58)
83,83,Jul 1,@,CIN,L2-8,33,31,2,4,0,0,1,2,2,0,9,0,0,0,0,0,0,0,.245,.314,.410,.724,4,11,R,M.Harvey (71)
84,84,Jul 2,,MIN,W6-5,46,40,6,14,1,0,1,5,4,0,8,1,0,1,1,1,0,0,.246,.316,.411,.726,12,16,R,K.Gibson (38)
85,85,Jul 3,,MIN,W2-0,32,28,2,4,1,0,1,2,4,0,16,0,0,0,0,0,1,0,.245,.315,.409,.724,6,15,R,J.Odorizzi (56)
86,86,Jul 4,,MIN,W3-2,31,29,3,6,0,0,3,3,2,0,5,0,0,0,1,1,1,0,.245,.314,.411,.725,4,14,R,J.Berrios (56)
87,87,Jul 5,,ATL,W7-2,33,28,7,7,2,1,1,6,4,0,8,0,0,1,0,1,3,1,.245,.315,.411,.726,2,11,L,M.Fried (33)
88,88,Jul 6,,ATL,W5-4,32,31,5,7,1,0,2,5,0,0,10,1,0,0,0,0,0,0,.245,.314,.412,.726,3,15,R,M.Foltynewicz (47)
89,89,Jul 7,,ATL,L1-5,33,31,1,4,0,0,0,1,1,0,11,1,0,0,0,0,1,0,.243,.313,.409,.721,5,15,R,A.Sanchez (73)
90,90,Jul 8,,ATL,W10-3,43,33,10,10,1,0,4,10,9,0,6,0,0,1,0,0,2,0,.244,.314,.412,.726,9,15,L,S.Newcomb (30)
91,91,Jul 9,@,MIA,L3-4,42,38,3,11,1,1,1,3,4,2,9,0,0,0,0,1,2,1,.245,.315,.412,.727,9,17,R,J.Urena (50)
92,92,Jul 10,@,MIA,W8-4,39,35,8,9,4,0,1,8,3,1,10,1,0,0,1,0,1,1,.245,.315,.413,.728,4,15,R,P.Lopez (43)
93,93,Jul 11,@,MIA,L4-5,50,42,4,8,3,0,0,4,7,0,17,1,0,0,0,0,0,2,.244,.315,.411,.726,10,18,R,D.Straily (63)
94,94,Jul 12,@,PIT,L3-6,40,36,3,9,0,0,1,3,4,0,13,0,0,0,1,1,1,0,.244,.315,.410,.725,10,13,R,J.Taillon (68)
95,95,Jul 13,@,PIT,L3-7,36,35,3,9,0,0,2,3,1,0,10,0,0,0,0,1,2,0,.244,.315,.410,.725,6,14,R,N.Kingham (59)
96,96,Jul 14 (1),@,PIT,L1-2,35,34,1,9,1,0,0,1,1,0,8,0,0,0,0,0,1,1,.244,.314,.409,.724,7,14,R,I.Nova (49)
97,97,Jul 14 (2),@,PIT,L2-6,40,34,2,9,1,0,0,2,6,0,13,0,0,0,0,1,1,0,.245,.315,.408,.723,11,14,R,C.Holmes (68)
98,98,Jul 15,@,PIT,L6-7,44,36,6,9,1,1,1,6,6,0,6,1,1,0,1,2,0,1,.245,.316,.408,.724,8,17,R,J.Musgrove (46)
99,99,Jul 20,,LAD,L4-6,39,34,4,9,2,1,1,4,5,0,14,0,0,0,0,0,1,0,.245,.316,.409,.725,8,14,L,R.Hill (63)
100,100,Jul 21,,LAD,W4-2,33,32,4,7,1,1,1,3,0,0,6,0,0,0,2,1,0,0,.245,.315,.409,.724,5,16,L,C.Kershaw (53)
101,101,Jul 22,,LAD,L2-11,38,34,2,6,0,0,0,2,4,0,8,0,0,0,2,1,0,0,.244,.315,.406,.721,9,16,L,A.Wood (55)
102,102,Jul 23,,WSN,W6-1,36,29,6,7,1,1,0,6,6,0,8,0,0,1,0,1,1,0,.244,.315,.406,.721,6,16,L,G.Gonzalez (37)
103,103,Jul 24,,WSN,W5-4,42,37,5,12,3,0,1,5,3,1,7,1,0,1,0,2,0,0,.245,.316,.407,.723,8,16,R,J.Hellickson (43)
104,104,Jul 25,,WSN,L3-7,35,34,3,7,1,0,1,3,1,0,12,0,0,0,0,0,0,0,.244,.315,.406,.721,5,13,R,T.Roark (86)
105,105,Jul 26,@,SFG,W7-5,44,40,7,13,4,1,2,7,4,0,10,0,0,0,0,0,1,0,.245,.316,.408,.724,10,16,R,D.Rodriguez (57)
106,106,Jul 27,@,SFG,W3-1,35,33,3,6,3,0,0,3,1,0,5,0,1,0,1,0,1,0,.245,.315,.407,.722,5,14,L,M.Bumgarner (64)
107,107,Jul 28,@,SFG,W7-1,40,36,7,14,1,0,1,6,2,0,5,0,2,0,1,2,1,1,.246,.316,.408,.724,6,12,R,J.Cueto (30)
108,108,Jul 29,@,SFG,L5-8,37,36,5,11,1,0,3,5,1,0,6,0,0,0,0,1,0,0,.247,.316,.410,.726,5,16,L,A.Suarez (43)
109,109,Jul 30,@,LAD,W5-2,40,37,5,10,1,1,1,5,3,0,9,0,0,0,0,0,0,0,.247,.316,.410,.726,8,15,R,K.Maeda (35)
110,110,Jul 31,@,LAD,W1-0,32,32,1,6,1,0,0,1,0,0,10,0,0,0,0,0,0,0,.247,.315,.408,.724,4,13,R,W.Buehler (70)
111,111,Aug 1,@,LAD,L4-6,43,38,4,10,3,1,0,2,5,1,7,0,0,0,0,2,1,0,.247,.316,.408,.724,9,18,L,R.Hill (57)
112,112,Aug 2,@,LAD,L5-21,39,36,5,9,3,0,2,4,3,0,10,0,0,0,0,0,0,0,.247,.316,.409,.725,7,15,L,C.Kershaw (59)
113,113,Aug 3,,COL,W5-3,34,30,5,4,0,0,2,5,4,0,10,0,0,0,0,0,0,0,.246,.315,.408,.723,3,13,R,G.Marquez (70)
114,114,Aug 4,,COL,W8-4,37,31,8,10,2,1,3,8,4,0,7,1,0,1,0,0,0,0,.246,.316,.411,.727,5,16,L,T.Anderson (21)
115,115,Aug 5,,COL,L4-5,43,40,4,9,1,0,2,3,2,0,11,0,0,0,0,3,3,0,.246,.315,.411,.726,6,17,R,J.Gray (76)
116,116,Aug 7,,SDP,L5-11,39,33,5,8,2,0,2,5,5,0,8,0,0,1,0,0,0,0,.246,.315,.412,.727,7,15,L,C.Richard (34)
117,117,Aug 8,,SDP,W8-4,38,35,8,14,0,0,5,8,0,0,8,0,2,1,0,0,1,0,.248,.316,.415,.731,6,14,R,B.Kennedy (19)
118,118,Aug 9,,SDP,L4-8,37,36,4,10,2,0,0,3,1,0,11,0,0,0,0,0,2,1,.248,.316,.415,.730,6,16,L,R.Erlin (43)
119,119,Aug 10,@,ATL,L1-10,33,33,1,6,2,0,0,1,0,0,9,0,0,0,0,0,0,0,.247,.315,.413,.728,5,14,R,K.Gausman (74)
120,120,Aug 11,@,ATL,W4-2,39,34,4,7,1,0,0,4,3,0,10,2,0,0,1,0,1,1,.247,.315,.412,.726,8,14,R,J.Teheran (68)
121,121,Aug 12,@,ATL,L7-8,47,43,7,19,4,0,1,7,4,1,8,0,0,0,1,2,0,2,.249,.317,.414,.730,13,16,L,S.Newcomb (18)
122,122,Aug 14,@,CHC,W7-0,39,37,7,11,1,0,4,7,1,0,12,1,0,0,0,1,0,0,.249,.317,.416,.732,5,12,L,J.Quintana (39)
123,123,Aug 15,@,CHC,L4-8,40,36,4,9,2,0,0,4,3,0,10,1,0,0,1,1,0,0,.249,.317,.415,.732,9,17,R,K.Hendricks (48)
124,124,Aug 17,@,STL,L2-5,37,32,2,7,1,0,0,2,5,0,8,0,0,0,0,2,1,0,.249,.317,.414,.730,8,14,R,J.Flaherty (70)
125,125,Aug 18,@,STL,L2-7,34,33,2,6,2,0,2,2,0,0,11,1,0,0,0,0,0,0,.249,.316,.414,.730,5,14,R,M.Mikolas (65)
126,126,Aug 19,@,STL,W2-1,36,29,2,6,1,0,0,2,6,1,3,0,1,0,0,2,2,0,.248,.316,.412,.729,7,15,R,J.Gant (42)
127,127,Aug 20,,CIN,W5-2,38,34,5,12,0,1,2,5,2,0,5,1,0,1,0,1,2,0,.249,.317,.414,.731,9,14,R,H.Bailey (48)
128,128,Aug 21,,CIN,L7-9,43,40,7,13,2,0,2,7,3,1,10,0,0,0,0,0,2,0,.250,.317,.415,.732,9,17,R,S.Romano (36)
129,129,Aug 22,,CIN,W4-0,40,34,4,14,4,0,1,4,5,1,5,0,1,0,0,2,0,1,.251,.319,.416,.735,12,13,R,R.Stephenson (34)
130,130,Aug 24,,PIT,W7-6,62,54,7,13,1,0,2,7,7,0,16,1,0,0,0,3,0,0,.251,.319,.416,.735,11,21,R,J.Musgrove (38)
131,131,Aug 25,,PIT,L1-9,33,33,1,6,1,0,1,1,0,0,11,0,0,0,0,0,0,0,.251,.318,.415,.733,5,13,R,J.Taillon (66)
132,132,Aug 26,,PIT,W7-4,35,30,7,8,2,1,3,7,2,1,8,1,1,1,1,0,1,1,.251,.318,.417,.735,4,15,R,C.Archer (27)
133,133,Aug 28,@,CIN,L7-9,39,37,7,11,2,0,2,7,2,0,7,0,0,0,0,0,0,0,.251,.318,.418,.736,5,18,R,A.DeSclafani (49)
134,134,Aug 29,@,CIN,W13-12,53,50,13,22,4,1,4,13,1,0,13,1,0,1,1,1,1,0,.253,.320,.422,.742,10,18,R,M.Harvey (26)
135,135,Aug 30,@,CIN,W2-1,42,36,2,6,0,0,1,2,5,0,11,1,0,0,0,2,0,0,.252,.319,.421,.740,7,16,L,C.Reed (52)
136,136,Aug 31,@,WSN,W4-1,33,33,4,6,0,0,3,4,0,0,4,0,0,0,0,0,1,0,.252,.318,.421,.739,2,13,R,T.Roark (47)
137,137,Sep 1,@,WSN,L4-5,40,36,4,10,2,0,2,4,4,0,8,0,0,0,0,0,1,0,.252,.319,.421,.740,9,21,R,S.Strasburg (59)
138,138,Sep 2,@,WSN,W9-4,47,36,9,10,2,0,2,9,11,0,5,0,0,0,0,0,0,0,.252,.320,.422,.742,11,16,R,J.Rodriguez (17)
139,139,Sep 3,,CHC,W4-3,38,32,4,7,1,0,0,4,4,0,10,2,0,0,0,0,1,0,.252,.320,.421,.741,8,18,L,C.Hamels (58)
140,140,Sep 4,,CHC,W11-1,46,32,11,11,4,0,0,8,9,0,8,2,0,3,1,1,2,0,.253,.321,.421,.743,11,17,L,M.Montgomery (50)
141,141,Sep 5,,CHC,L4-6,38,34,4,8,1,0,1,4,3,0,7,1,0,0,0,1,0,0,.253,.321,.421,.742,7,19,L,J.Quintana (59)
142,142,Sep 7,,SFG,W4-2,36,28,4,3,1,0,1,4,8,2,13,0,0,0,1,0,0,0,.252,.321,.420,.741,8,19,L,D.Holland (63)
143,143,Sep 8,,SFG,W4-3,32,28,4,5,2,0,2,4,3,0,9,0,0,1,0,0,1,0,.251,.321,.420,.741,4,16,R,C.Stratton (46)
144,144,Sep 9,,SFG,W6-3,33,29,6,5,1,0,1,6,3,1,5,1,0,0,0,0,1,0,.251,.321,.419,.740,3,18,L,M.Bumgarner (47)
145,145,Sep 10,@,CHC,W3-2,39,33,3,11,2,0,0,2,5,0,9,0,0,1,0,2,1,1,.251,.321,.419,.740,9,16,L,J.Lester (46)
146,146,Sep 11,@,CHC,L0-3,32,30,0,3,0,0,0,0,2,0,10,0,0,0,0,0,0,0,.251,.320,.417,.737,5,18,L,J.Quintana (73)
147,147,Sep 12,@,CHC,W5-1,43,36,5,11,1,1,1,5,4,0,8,2,0,1,0,1,3,0,.251,.321,.418,.738,11,20,R,K.Hendricks (53)
148,148,Sep 14,,PIT,W7-4,37,33,7,11,3,0,3,7,3,1,9,0,0,1,0,1,3,0,.251,.321,.419,.741,6,18,R,C.Archer (45)
149,149,Sep 15,,PIT,L1-3,35,33,1,7,1,0,1,1,2,0,8,0,0,0,0,1,0,0,.251,.321,.419,.740,7,19,R,I.Nova (63)
150,150,Sep 16,,PIT,L2-3,34,32,2,5,2,0,2,2,2,0,9,0,0,0,0,0,0,0,.251,.320,.419,.739,5,17,R,T.Williams (73)
151,151,Sep 17,,CIN,W8-0,38,34,8,11,3,1,2,8,3,0,7,0,0,1,2,1,0,1,.251,.320,.420,.741,6,15,R,A.DeSclafani (40)
152,152,Sep 18,,CIN,L1-3,31,28,1,3,0,0,0,0,2,0,11,1,0,0,0,2,2,0,.250,.320,.419,.738,3,22,R,M.Lorenzen (60)
153,153,Sep 19,,CIN,W7-0,34,31,7,7,1,1,2,7,3,1,7,0,0,0,0,0,1,0,.250,.320,.419,.739,3,14,R,M.Harvey (29)
154,154,Sep 21,@,PIT,W8-3,42,36,8,10,2,0,4,8,5,1,5,1,0,0,0,1,0,0,.250,.320,.421,.741,7,19,R,I.Nova (53)
155,155,Sep 22,@,PIT,L0-3,32,31,0,5,1,0,0,0,1,0,11,0,0,0,1,1,0,1,.250,.319,.420,.739,5,19,R,T.Williams (70)
156,156,Sep 23,@,PIT,W13-6,50,39,13,12,2,0,3,9,9,0,6,2,0,0,1,1,2,0,.250,.320,.421,.741,10,20,R,N.Kingham (18)
157,157,Sep 24,@,STL,W6-4,41,33,6,9,1,1,1,5,6,1,7,1,0,1,0,1,0,0,.250,.321,.421,.742,8,23,R,J.Flaherty (51)
158,158,Sep 25,@,STL,W12-4,49,45,12,15,2,1,4,12,4,2,9,0,0,0,3,0,0,0,.251,.321,.423,.745,10,21,L,A.Gomber (33)
159,159,Sep 26,@,STL,W2-1,39,31,2,5,0,0,0,2,8,0,8,0,0,0,1,1,1,0,.251,.322,.422,.743,10,16,R,J.Gant (50)
160,160,Sep 28,,DET,W6-5,35,32,6,11,2,0,3,6,2,0,9,0,1,0,0,1,0,0,.251,.322,.423,.745,5,18,R,J.Zimmermann (28)
161,161,Sep 29,,DET,W6-5,37,32,6,8,1,0,2,6,4,0,12,0,1,0,1,0,0,0,.251,.322,.424,.746,7,22,L,D.Norris (38)
162,162,Sep 30,,DET,W11-0,41,36,11,12,3,0,2,10,4,1,9,0,0,1,0,0,2,0,.252,.322,.425,.747,6,16,R,S.Turnbull (47)
163,163,Oct 1,@,CHC,W3-1,36,34,3,12,1,0,0,3,0,0,6,0,2,0,0,2,1,1,.252,.323,.424,.747,6,16,L,J.Quintana (55)