Rk,Gtm,Date,,Opp,Rslt,PA,AB,R,H,2B,3B,HR,RBI,BB,IBB,SO,HBP,SH,SF,ROE,GDP,SB,CS,BA,OBP,SLG,OPS,LOB,#,Thr,Opp. Starter (GmeSc)
1,1,Mar 29,@,BAL,L2-3,43,40,2,8,0,0,0,2,3,0,11,0,0,0,0,1,2,0,.200,.256,.200,.456,8,11,R,D.Bundy (73)
2,2,Mar 31,@,BAL,W6-2,38,34,6,9,3,0,3,5,4,0,9,0,0,0,0,2,0,0,.230,.296,.392,.688,5,9,R,A.Cashner (40)
3,3,Apr 1,@,BAL,W7-0,41,38,7,10,2,0,4,6,3,0,10,0,0,0,1,0,1,0,.241,.303,.473,.776,7,11,R,K.Gausman (27)
4,4,Apr 2,@,PIT,L4-5,37,33,4,7,3,0,1,3,3,0,10,1,0,0,0,1,0,0,.234,.302,.455,.757,6,16,R,J.Taillon (61)
5,5,Apr 4,@,PIT,W7-3,39,34,7,9,5,0,1,7,4,0,8,0,0,1,0,1,1,0,.240,.308,.464,.772,5,15,R,I.Nova (40)
6,6,Apr 5,,SEA,W4-2,35,33,4,8,0,0,3,4,2,0,11,0,0,0,1,0,0,0,.241,.305,.472,.776,7,10,L,J.Paxton (57)
7,7,Apr 7,,SEA,L4-11,40,35,4,9,4,0,0,4,5,0,7,0,0,0,0,0,1,0,.243,.311,.457,.769,9,13,R,M.Leake (49)
8,8,Apr 9,,HOU,L0-2,35,33,0,6,3,0,0,0,2,0,10,0,0,0,0,1,0,0,.236,.302,.436,.738,8,10,R,J.Verlander (77)
9,9,Apr 10,,HOU,W4-1,39,31,4,8,1,0,0,4,7,0,13,0,0,1,0,0,0,0,.238,.311,.421,.732,11,11,L,D.Keuchel (40)
10,10,Apr 11,,HOU,W9-8,42,35,9,9,1,1,2,9,7,0,12,0,0,0,0,0,0,0,.240,.319,.431,.749,7,9,R,L.McCullers (15)
11,11,Apr 12,,CHW,W4-0,36,30,4,7,3,0,0,4,6,0,6,0,0,0,0,1,3,0,.239,.322,.423,.745,8,9,R,L.Giolito (47)
12,12,Apr 17,,CLE,L1-6,38,34,1,6,2,0,0,1,4,0,9,0,0,0,1,0,0,0,.234,.317,.407,.725,10,9,R,C.Kluber (64)
13,13,Apr 18,,CLE,W2-1,61,59,2,13,1,0,1,2,2,1,15,0,0,0,1,0,1,0,.232,.309,.392,.701,14,10,R,C.Carrasco (77)
14,14,Apr 20,@,TBR,L7-8,39,36,7,7,1,0,3,7,3,0,10,0,0,0,0,0,0,1,.230,.306,.398,.704,2,10,R,C.Archer (62)
15,15,Apr 21,@,TBR,L1-10,33,31,1,9,3,0,0,1,0,0,7,0,1,1,0,3,0,0,.233,.304,.397,.702,5,9,L,B.Snell (69)
16,16,Apr 22,@,TBR,L6-8,41,35,6,9,1,0,1,6,5,0,10,1,0,0,0,1,0,0,.235,.308,.396,.704,8,11,R,Y.Chirinos (52)
17,17,Apr 23,@,NYY,L1-14,37,32,1,6,2,0,0,1,3,0,8,1,1,0,0,0,0,0,.232,.307,.388,.695,9,12,R,M.Tanaka (67)
18,18,Apr 24,@,NYY,L3-8,35,32,3,5,3,0,0,1,3,0,9,0,0,0,1,0,0,1,.228,.303,.381,.684,5,11,L,C.Sabathia (69)
19,19,Apr 25,@,NYY,L4-7,42,36,4,10,1,0,1,4,6,0,9,0,0,0,0,0,0,1,.231,.307,.382,.689,11,9,R,S.Gray (39)
20,20,Apr 26,@,NYY,L3-4,39,35,3,8,1,0,2,3,4,0,12,0,0,0,0,0,0,0,.231,.307,.384,.691,9,11,L,J.Montgomery (54)
21,21,Apr 27,,CIN,L9-15,45,39,9,14,5,0,2,8,6,0,9,0,0,0,0,2,0,0,.238,.315,.397,.712,9,10,R,L.Castillo (19)
22,22,Apr 28,,CIN,W3-1,35,31,3,8,3,0,1,3,3,0,6,0,0,1,1,0,0,0,.238,.315,.399,.714,8,10,R,S.Romano (41)
23,23,Apr 29,,CIN,L2-8,37,34,2,8,5,0,0,2,3,0,9,0,0,0,0,1,0,0,.238,.314,.399,.713,8,10,R,T.Mahle (66)
24,24,Apr 30,,TOR,L5-7,42,37,5,10,3,1,1,5,4,0,5,1,0,0,0,0,1,0,.240,.316,.403,.718,10,9,R,A.Sanchez (43)
25,25,May 1,,TOR,L4-7,38,37,4,8,2,0,2,4,1,0,6,0,0,0,0,1,0,0,.239,.313,.404,.717,4,11,R,M.Estrada (39)
26,26,May 2,,TOR,W4-0,36,32,4,9,1,0,1,4,3,0,7,0,0,1,1,1,2,0,.240,.313,.404,.717,8,10,R,M.Stroman (61)
27,27,May 3,@,CHW,L5-6,37,33,5,7,2,0,1,4,2,0,3,1,0,1,0,0,0,0,.239,.312,.403,.714,5,9,R,R.Lopez (42)
28,28,May 4,@,CHW,W6-4,41,37,6,12,3,1,4,6,4,0,11,0,0,0,0,0,0,1,.242,.315,.417,.732,8,9,R,C.Fulmer (33)
29,29,May 5,@,CHW,W8-4,44,36,8,11,3,0,1,8,8,0,8,0,0,0,0,0,0,1,.245,.319,.419,.738,9,9,L,H.Santiago (12)
30,30,May 6,@,CHW,W5-3,35,32,5,4,1,0,1,5,3,0,6,0,0,0,1,0,1,0,.241,.316,.414,.729,3,10,R,J.Shields (61)
31,31,May 7,@,STL,W6-0,41,36,6,11,5,0,0,6,3,1,10,1,0,1,0,0,0,0,.243,.317,.415,.732,8,12,R,J.Gant (43)
32,32,May 8,@,STL,W7-1,42,35,7,10,2,0,1,6,3,0,4,1,2,1,2,1,1,0,.244,.319,.415,.734,8,13,R,C.Martinez (46)
33,33,May 10,@,LAA,L4-7,35,32,4,8,1,0,2,4,3,0,9,0,0,0,0,3,0,0,.245,.318,.417,.735,4,10,R,G.Richards (50)
34,34,May 11,@,LAA,W5-4,37,33,5,9,1,0,3,5,3,1,11,0,0,1,0,1,0,0,.245,.319,.421,.740,5,12,L,T.Skaggs (57)
35,35,May 12,@,LAA,W5-3,46,41,5,10,3,0,0,5,4,1,9,0,0,1,0,2,0,1,.245,.318,.418,.736,5,11,R,N.Tropeano (49)
36,36,May 13,@,LAA,L1-2,37,33,1,7,1,0,0,1,4,1,13,0,0,0,0,0,0,0,.244,.318,.413,.731,9,11,R,S.Ohtani (72)
37,37,May 14,,SEA,L0-1,31,31,0,4,1,0,0,0,0,0,7,0,0,0,0,0,0,0,.242,.313,.407,.720,4,10,L,W.LeBlanc (70)
38,38,May 15,,STL,W4-1,33,32,4,9,1,0,1,3,1,0,5,0,0,0,0,0,0,0,.243,.313,.407,.720,5,9,R,J.Flaherty (57)
39,39,May 16,,STL,L5-7,39,34,5,10,0,0,1,4,5,0,6,0,0,0,0,3,0,0,.244,.315,.406,.721,7,11,R,M.Mikolas (42)
40,40,May 18,,MIL,L3-8,36,34,3,8,2,0,1,3,1,0,10,0,0,1,0,0,0,0,.244,.314,.406,.719,6,10,L,B.Suter (60)
41,41,May 19,,MIL,L4-5,36,28,4,5,2,0,1,4,8,0,14,0,0,0,0,3,1,0,.242,.315,.405,.719,5,11,R,F.Peralta (39)
42,42,May 20,,MIL,W3-1,34,29,3,6,2,0,0,3,5,1,9,0,0,0,0,0,1,1,.242,.315,.402,.717,7,10,R,J.Guerra (53)
43,43,May 21,,DET,W4-2,35,29,4,8,4,0,0,4,4,1,7,0,1,1,0,0,0,0,.242,.316,.402,.718,7,9,L,B.Hardy (49)
44,44,May 22,,DET,W6-0,33,28,6,7,5,0,0,6,4,0,4,0,1,0,0,1,0,0,.243,.316,.403,.719,3,10,L,M.Boyd (48)
45,45,May 23,,DET,L1-4,34,30,1,5,2,0,0,1,4,0,8,0,0,0,0,2,0,0,.241,.315,.400,.715,6,10,R,M.Fulmer (59)
46,46,May 25,@,SEA,L1-2,31,31,1,4,0,0,1,1,0,0,12,0,0,0,0,0,0,0,.239,.312,.396,.708,3,9,L,J.Paxton (78)
47,47,May 26,@,SEA,L3-4,44,41,3,8,2,0,0,3,3,0,12,0,0,0,0,0,0,1,.238,.310,.392,.703,5,11,L,W.LeBlanc (58)
48,48,May 27,@,SEA,L1-3,30,30,1,4,2,0,0,1,0,0,2,0,0,0,0,1,0,0,.236,.307,.389,.696,2,9,R,M.Leake (72)
49,49,May 28,@,KCR,W8-5,45,39,8,12,3,1,1,8,5,0,10,1,0,0,0,0,1,0,.238,.310,.392,.701,10,9,R,J.Junis (51)
50,50,May 29,@,KCR,L1-2,56,46,1,7,0,0,0,1,8,0,11,1,1,0,0,0,0,0,.235,.309,.385,.694,13,12,L,D.Duffy (60)
51,51,May 30,@,KCR,L8-11,42,37,8,11,4,0,2,8,5,0,9,0,0,0,0,1,0,0,.237,.311,.389,.700,7,9,R,B.Keller (51)
52,52,May 31,,CLE,L8-9,40,37,8,12,1,0,3,8,2,0,10,1,0,0,0,1,0,0,.238,.312,.393,.705,5,9,R,S.Bieber (42)
53,53,Jun 1,,CLE,W7-4,38,33,7,9,4,0,2,7,5,2,5,0,0,0,0,0,0,0,.239,.313,.397,.710,7,9,R,C.Carrasco (22)
54,54,Jun 2,,CLE,W7-1,36,33,7,8,2,1,1,6,3,0,15,0,0,0,1,0,0,0,.239,.313,.398,.711,5,9,R,T.Bauer (45)
55,55,Jun 3,,CLE,W7-5,38,34,7,11,3,0,4,7,4,0,4,0,0,0,0,0,1,0,.241,.314,.404,.719,7,10,R,M.Clevinger (42)
56,56,Jun 5 (1),,CHW,W4-2,32,27,4,3,1,0,1,4,5,0,5,0,0,0,1,0,1,0,.239,.313,.402,.716,4,11,R,R.Lopez (75)
57,57,Jun 5 (2),,CHW,L3-6,38,34,3,10,3,0,0,2,3,0,4,1,0,0,0,2,0,0,.240,.314,.402,.716,8,10,R,L.Giolito (51)
58,58,Jun 6,,CHW,L2-5,38,33,2,8,4,0,0,2,5,0,10,0,0,0,0,2,0,0,.240,.315,.401,.716,9,10,L,H.Santiago (46)
59,59,Jun 7,,CHW,W7-2,35,32,7,9,3,0,3,7,3,0,6,0,0,0,0,1,0,0,.240,.315,.405,.720,4,9,R,J.Shields (32)
60,60,Jun 8,,LAA,L2-4,36,33,2,7,1,1,1,2,3,0,12,0,0,0,0,0,0,0,.240,.315,.405,.720,7,10,R,G.Richards (52)
61,61,Jun 9,,LAA,L1-2,34,33,1,7,2,0,0,0,1,0,10,0,0,0,0,1,0,0,.239,.313,.403,.716,6,13,L,T.Skaggs (70)
62,62,Jun 10,,LAA,W7-5,38,33,7,10,4,1,2,7,5,0,6,0,0,0,0,0,1,1,.240,.315,.407,.722,7,9,R,N.Tropeano (34)
63,63,Jun 12,@,DET,W6-4,36,32,6,7,0,0,1,6,3,0,7,0,0,1,0,0,1,0,.240,.314,.406,.720,3,11,L,B.Hardy (62)
64,64,Jun 13,@,DET,L2-5,35,31,2,4,1,1,0,2,3,0,10,1,0,0,0,0,1,0,.239,.313,.403,.716,6,10,L,M.Boyd (56)
65,65,Jun 14,@,DET,L1-3,34,33,1,6,2,0,0,1,1,0,7,0,0,0,0,0,0,0,.238,.312,.401,.712,6,9,R,M.Fulmer (66)
66,66,Jun 15,@,CLE,W6-3,34,33,6,6,1,0,2,4,1,0,4,0,0,0,1,1,0,0,.237,.310,.401,.711,1,9,R,C.Kluber (45)
67,67,Jun 16,@,CLE,W9-3,43,38,9,13,6,0,1,9,3,1,5,1,1,0,0,0,1,0,.239,.312,.404,.715,7,11,R,C.Carrasco (31)
68,68,Jun 17,@,CLE,L1-4,38,35,1,10,4,0,0,1,3,0,11,0,0,0,0,1,0,0,.239,.312,.404,.716,10,10,R,S.Bieber (51)
69,69,Jun 19,,BOS,W6-2,33,28,6,5,2,1,0,5,3,0,11,2,0,0,0,0,1,0,.239,.312,.403,.715,3,9,L,C.Sale (73)
70,70,Jun 20,,BOS,W4-1,33,31,4,8,2,1,2,4,2,0,6,0,0,0,1,1,1,1,.239,.312,.405,.717,5,9,L,D.Price (48)
71,71,Jun 21,,BOS,L2-9,32,29,2,4,1,0,0,2,1,0,5,1,0,1,0,1,0,0,.238,.310,.402,.712,3,11,R,R.Porcello (79)
72,72,Jun 22,,TEX,L1-8,30,28,1,3,2,0,0,1,2,0,5,0,0,0,0,0,0,0,.236,.309,.400,.708,2,12,L,M.Minor (63)
73,73,Jun 23,,TEX,L6-9,41,37,6,11,2,0,2,6,4,0,9,0,0,0,0,1,0,0,.237,.310,.401,.711,8,9,R,Y.Gallardo (41)
74,74,Jun 24,,TEX,W2-0,32,31,2,8,2,0,0,2,1,0,7,0,0,0,0,0,0,0,.237,.309,.400,.710,6,10,R,B.Colon (59)
75,75,Jun 26,@,CHW,L4-8,33,31,4,6,0,0,2,4,1,0,7,0,0,1,0,0,0,0,.237,.308,.400,.708,2,9,R,R.Lopez (48)
76,76,Jun 27,@,CHW,L1-6,36,32,1,5,1,0,0,1,4,0,7,0,0,0,1,1,0,0,.236,.307,.397,.705,8,10,R,J.Shields (72)
77,77,Jun 28,@,CHW,W2-1,54,45,2,7,2,0,1,2,8,2,7,0,1,0,1,0,2,0,.234,.307,.395,.702,13,12,R,L.Giolito (60)
78,78,Jun 29,@,CHC,L6-10,42,36,6,10,2,0,1,6,5,1,9,0,1,0,2,1,0,1,.235,.308,.395,.703,9,14,L,M.Montgomery (39)
79,79,Jun 30,@,CHC,L9-14,43,37,9,11,1,0,1,9,5,0,9,0,0,1,0,0,1,0,.236,.309,.396,.704,7,18,R,T.Chatwood (28)
80,80,Jul 1,@,CHC,L10-11,48,43,10,16,2,1,3,10,4,0,7,1,0,0,1,1,0,0,.238,.311,.400,.711,11,15,L,J.Lester (39)
81,81,Jul 2,@,MIL,L5-6,40,40,5,11,1,0,1,5,0,0,9,0,0,0,1,0,0,0,.239,.310,.400,.710,5,18,L,B.Suter (34)
82,82,Jul 3,@,MIL,L0-2,35,31,0,2,1,0,0,0,4,0,13,0,0,0,1,0,0,0,.237,.309,.396,.705,8,14,R,J.Guerra (68)
83,83,Jul 4,@,MIL,L2-3,33,32,2,6,2,0,1,2,1,0,6,0,0,0,0,0,1,1,.236,.308,.396,.703,4,12,R,C.Anderson (67)
84,84,Jul 5,,BAL,W5-2,36,34,5,9,4,0,1,4,2,1,7,0,0,0,1,0,0,0,.236,.308,.397,.704,7,9,R,A.Cashner (51)
85,85,Jul 6,,BAL,W6-2,35,34,6,11,0,0,1,5,1,0,8,0,0,0,0,1,0,0,.237,.308,.397,.705,5,9,R,D.Bundy (21)
86,86,Jul 7,,BAL,W5-4,34,31,5,8,4,0,1,4,3,0,8,0,0,0,1,1,0,0,.238,.308,.398,.706,5,10,R,K.Gausman (49)
87,87,Jul 8,,BAL,W10-1,38,36,10,11,1,0,3,9,2,0,7,0,0,0,1,0,0,0,.238,.309,.400,.709,4,10,R,A.Cobb (37)
88,88,Jul 9,,KCR,W3-1,39,35,3,11,1,0,0,3,4,0,9,0,0,0,0,0,0,0,.239,.310,.399,.709,12,12,L,D.Duffy (67)
89,89,Jul 10,,KCR,L4-9,37,34,4,9,1,1,1,4,3,0,8,0,0,0,1,2,0,0,.240,.310,.400,.709,6,11,R,I.Kennedy (43)
90,90,Jul 11,,KCR,W8-5,41,38,8,15,1,1,2,7,3,2,8,0,0,0,0,1,0,0,.242,.311,.403,.714,9,9,R,B.Smith (33)
91,91,Jul 12,,TBR,W5-1,34,31,5,7,2,0,1,4,3,0,5,0,0,0,1,1,1,0,.241,.311,.402,.714,5,9,L,B.Snell (36)
92,92,Jul 13,,TBR,W11-8,42,36,11,15,4,2,1,11,4,0,7,0,0,2,0,0,0,0,.243,.313,.406,.719,7,9,R,N.Eovaldi (7)
93,93,Jul 14,,TBR,L6-19,44,38,6,11,1,0,1,6,6,1,12,0,0,0,1,0,0,0,.244,.314,.406,.720,11,11,R,C.Archer (53)
94,94,Jul 15,,TBR,W11-7,48,35,11,10,2,0,1,9,10,4,11,1,2,0,0,0,1,0,.244,.316,.406,.722,9,10,R,R.Stanek (51)
95,95,Jul 20,@,KCR,L5-6,43,36,5,10,2,1,0,5,6,0,4,0,0,1,0,0,0,0,.245,.316,.406,.722,11,10,L,D.Duffy (64)
96,96,Jul 21,@,KCR,L2-4,35,32,2,7,1,0,0,2,3,0,11,0,0,0,0,2,0,0,.245,.316,.405,.720,6,9,R,J.Junis (54)
97,97,Jul 22,@,KCR,L3-5,33,30,3,3,1,0,1,3,3,0,10,0,0,0,0,0,0,0,.243,.315,.403,.718,3,11,R,B.Keller (65)
98,98,Jul 23,@,TOR,W8-3,41,39,8,13,2,1,2,8,2,0,12,0,0,0,0,0,1,1,.244,.315,.405,.720,6,12,R,L.Santos (48)
99,99,Jul 24,@,TOR,W5-0,37,35,5,9,2,0,1,5,1,0,5,0,0,1,1,1,2,0,.244,.315,.405,.720,5,9,L,R.Borucki (58)
100,100,Jul 25,@,TOR,W12-6,57,49,12,17,7,0,1,12,7,1,9,1,0,0,1,1,0,1,.246,.317,.407,.724,12,10,R,S.Gaviglio (44)
101,101,Jul 26,@,BOS,W2-1,36,32,2,8,1,0,0,1,4,0,9,0,0,0,0,1,1,0,.246,.317,.406,.723,7,10,L,B.Johnson (63)
102,102,Jul 27,@,BOS,L3-4,42,36,3,6,2,0,0,3,5,0,12,1,0,0,1,1,0,0,.245,.317,.404,.721,9,10,L,C.Sale (74)
103,103,Jul 28,@,BOS,L4-10,36,35,4,7,0,1,1,4,1,0,9,0,0,0,1,1,1,0,.245,.316,.403,.719,5,9,R,R.Porcello (47)
104,104,Jul 29,@,BOS,L0-3,31,29,0,4,1,0,0,0,1,0,8,1,0,0,0,1,0,0,.244,.315,.402,.716,4,11,R,N.Eovaldi (74)
105,105,Jul 30,,CLE,W5-4,36,31,5,9,2,0,0,5,3,0,8,0,1,1,0,0,0,0,.244,.315,.401,.716,6,10,R,S.Bieber (48)
106,106,Jul 31,,CLE,L2-6,38,30,2,6,2,0,1,2,5,0,5,1,1,1,0,1,0,0,.244,.315,.401,.716,9,11,R,T.Bauer (56)
107,107,Aug 1,,CLE,L0-2,31,30,0,5,0,1,0,0,1,0,12,0,0,0,0,2,0,0,.243,.314,.400,.714,4,11,R,C.Carrasco (80)
108,108,Aug 3,,KCR,W6-4,39,33,6,11,2,0,0,6,6,0,9,0,0,0,0,0,0,1,.244,.315,.400,.715,9,9,R,H.Fillmyer (37)
109,109,Aug 4,,KCR,W8-2,39,34,8,11,3,0,3,8,4,0,9,0,0,1,0,0,0,0,.245,.316,.402,.718,7,9,R,B.Smith (31)
110,110,Aug 5,,KCR,W6-5,35,33,6,11,2,0,1,6,2,0,7,0,0,0,0,2,1,0,.245,.316,.403,.719,5,10,L,D.Duffy (37)
111,111,Aug 6,@,CLE,L0-10,33,30,0,3,1,0,0,0,3,0,13,0,0,0,0,0,1,0,.244,.315,.401,.716,6,11,R,T.Bauer (74)
112,112,Aug 7,@,CLE,W3-2,39,36,3,11,2,0,1,3,2,0,11,1,0,0,0,1,0,0,.245,.316,.401,.717,9,9,R,C.Carrasco (48)
113,113,Aug 8,@,CLE,L2-5,36,34,2,8,2,0,1,2,2,0,9,0,0,0,0,0,0,0,.245,.315,.401,.716,7,11,R,M.Clevinger (67)
114,114,Aug 9,@,CLE,L4-5,33,32,4,7,1,0,1,4,0,0,10,0,0,1,0,0,0,1,.245,.315,.400,.715,2,9,R,C.Kluber (54)
115,115,Aug 10,@,DET,L3-5,37,36,3,10,3,0,0,2,0,0,1,0,0,1,1,1,0,0,.245,.314,.400,.714,7,9,R,J.Zimmermann (54)
116,116,Aug 11,@,DET,W4-3,41,35,4,9,1,0,1,3,6,0,7,0,0,0,0,0,0,0,.245,.315,.400,.715,10,11,L,F.Liriano (42)
117,117,Aug 12,@,DET,L2-4,32,30,2,4,0,1,1,2,1,0,8,0,0,1,0,0,0,0,.244,.314,.399,.713,3,10,L,M.Boyd (66)
118,118,Aug 14,,PIT,W5-2,34,33,5,10,2,0,1,5,1,0,5,0,0,0,0,0,0,1,.245,.314,.400,.713,5,9,R,J.Taillon (49)
119,119,Aug 15,,PIT,W6-4,34,33,6,9,2,0,1,6,1,0,11,0,0,0,0,0,0,0,.245,.314,.400,.713,4,9,R,C.Archer (46)
120,120,Aug 16,,DET,W15-8,45,38,15,15,3,0,3,15,4,0,10,1,0,2,2,0,0,1,.246,.315,.403,.717,6,11,L,F.Liriano (19)
121,121,Aug 17,,DET,W5-4,31,29,5,5,0,0,3,5,0,0,7,2,0,0,0,0,0,0,.246,.314,.403,.717,2,10,L,M.Boyd (56)
122,122,Aug 18,,DET,L5-7,41,38,5,11,2,0,4,5,3,0,8,0,0,0,0,0,0,0,.246,.314,.405,.720,9,10,L,R.Carpenter (43)
123,123,Aug 19,,DET,W5-4,33,29,5,7,1,0,3,5,3,0,6,0,0,1,1,1,0,1,.246,.314,.407,.721,4,10,R,B.Farmer (46)
124,124,Aug 20,,CHW,L5-8,37,34,5,7,2,1,2,5,3,0,12,0,0,0,0,0,0,0,.246,.314,.407,.721,5,9,R,L.Giolito (54)
125,125,Aug 21,@,CHW,W5-2,39,33,5,10,0,0,0,4,4,1,9,1,1,0,0,0,0,1,.246,.315,.407,.721,7,10,R,M.Kopech (54)
126,126,Aug 22,@,CHW,L3-7,39,34,3,7,1,0,1,3,4,0,8,1,0,0,1,0,0,0,.246,.315,.406,.721,9,10,L,C.Rodon (60)
127,127,Aug 23,,OAK,W6-4,34,32,6,9,1,0,1,6,2,0,6,0,0,0,0,1,1,0,.246,.315,.406,.721,4,10,R,T.Cahill (31)
128,128,Aug 24,,OAK,L1-7,35,29,1,5,0,0,0,1,3,0,8,0,2,1,0,0,0,0,.246,.314,.404,.719,7,9,L,S.Manaea (55)
129,129,Aug 25,,OAK,L2-6,37,34,2,8,0,0,2,2,2,0,10,1,0,0,0,1,0,0,.246,.314,.405,.719,8,10,R,M.Fiers (60)
130,130,Aug 26,,OAK,L2-6,38,33,2,7,1,0,2,2,4,0,3,1,0,0,0,1,0,0,.245,.314,.405,.719,9,10,R,C.Bassitt (52)
131,131,Aug 28,@,CLE,L1-8,37,34,1,7,1,0,1,1,3,0,12,0,0,0,0,0,0,0,.245,.314,.404,.718,9,10,R,C.Carrasco (80)
132,132,Aug 29,@,CLE,W4-3,42,35,4,9,4,0,1,4,5,0,9,2,0,0,0,0,0,0,.245,.314,.404,.719,11,10,R,A.Plutko (53)
133,133,Aug 30,@,CLE,L3-5,35,32,3,5,0,0,2,3,3,0,14,0,0,0,1,0,0,0,.245,.314,.404,.718,5,10,R,M.Clevinger (70)
134,134,Aug 31,@,TEX,W10-7,45,38,10,12,4,0,2,9,4,0,4,1,2,0,2,1,0,0,.245,.314,.405,.720,8,9,R,D.Hutchison (35)
135,135,Sep 1,@,TEX,L4-7,35,33,4,8,3,0,1,3,2,0,6,0,0,0,0,2,0,0,.245,.314,.406,.720,4,10,R,Y.Gallardo (43)
136,136,Sep 2,@,TEX,L4-18,36,33,4,8,1,0,2,4,3,0,4,0,0,0,0,1,0,0,.245,.314,.406,.720,5,10,L,Y.Mendez (67)
137,137,Sep 3,@,HOU,L1-4,39,36,1,8,1,0,0,1,3,0,13,0,0,0,1,0,0,0,.245,.314,.405,.719,11,10,L,D.Keuchel (64)
138,138,Sep 4,@,HOU,L2-5,34,31,2,5,1,0,1,2,3,0,11,0,0,0,0,0,0,0,.244,.313,.404,.717,5,11,R,J.Verlander (73)
139,139,Sep 5,@,HOU,L1-9,36,31,1,6,0,0,1,1,5,0,9,0,0,0,0,1,0,1,.244,.313,.403,.717,8,13,L,F.Valdez (56)
140,140,Sep 7,,KCR,W10-6,43,36,10,12,1,0,1,9,7,0,3,0,0,0,1,0,0,0,.245,.314,.404,.718,9,9,R,H.Fillmyer (19)
141,141,Sep 8,,KCR,L1-4,29,27,1,1,0,0,0,1,1,0,4,0,0,1,0,0,0,0,.244,.313,.402,.715,1,9,R,J.Lopez (79)
142,142,Sep 9,,KCR,W3-1,35,32,3,7,2,0,1,3,3,0,7,0,0,0,0,1,0,0,.243,.313,.401,.714,6,10,R,I.Kennedy (63)
143,143,Sep 10,,NYY,L2-7,36,36,2,10,2,0,0,2,0,0,6,0,0,0,0,1,0,0,.244,.313,.401,.713,7,10,L,J.Happ (63)
144,144,Sep 11,,NYY,W10-5,43,36,10,13,2,0,1,9,7,0,7,0,0,0,0,1,1,0,.244,.314,.402,.715,9,9,R,S.Gray (40)
145,145,Sep 12,,NYY,W3-1,30,30,3,7,3,0,0,3,0,0,8,0,0,0,0,1,0,0,.244,.313,.401,.715,3,10,R,L.Severino (62)
146,146,Sep 13,@,KCR,L4-6,35,33,4,7,2,0,1,4,1,0,7,0,0,1,0,0,0,0,.244,.313,.401,.714,4,11,R,H.Fillmyer (57)
147,147,Sep 14,@,KCR,L4-8,43,40,4,13,2,0,0,4,3,0,5,0,0,0,0,0,1,0,.245,.313,.401,.714,12,10,R,J.Lopez (34)
148,148,Sep 15,@,KCR,L3-10,39,36,3,11,1,0,0,3,2,0,5,0,0,1,0,0,0,0,.245,.313,.400,.714,9,11,R,I.Kennedy (56)
149,149,Sep 16,@,KCR,W9-6,45,42,9,18,2,0,4,8,3,0,8,0,0,0,0,0,0,1,.247,.315,.403,.718,9,11,R,J.Junis (29)
150,150,Sep 17,@,DET,W6-1,39,35,6,9,2,0,2,6,3,0,5,1,0,0,0,0,0,1,.247,.315,.404,.719,6,10,R,J.Zimmermann (27)
151,151,Sep 18,@,DET,W5-3,40,36,5,10,3,0,1,5,4,0,9,0,0,0,0,1,1,0,.247,.315,.404,.719,8,10,L,D.Norris (52)
152,152,Sep 19,@,DET,W8-2,40,37,8,11,4,0,0,7,2,0,5,0,0,1,0,0,0,0,.247,.315,.404,.719,5,9,R,S.Turnbull (27)
153,153,Sep 21,@,OAK,L6-7,42,38,6,9,4,0,1,6,3,1,10,1,0,0,0,0,1,0,.247,.315,.404,.719,6,9,R,L.Hendriks (52)
154,154,Sep 22,@,OAK,L2-3,36,32,2,7,2,0,0,2,3,0,6,0,0,1,0,0,1,1,.247,.315,.403,.718,7,9,R,M.Fiers (64)
155,155,Sep 23,@,OAK,W5-1,35,34,5,9,1,0,1,5,0,0,10,0,0,1,1,2,0,1,.247,.315,.403,.718,3,9,R,T.Cahill (39)
156,156,Sep 25,,DET,L2-4,38,35,2,9,1,0,0,2,3,0,7,0,0,0,0,1,0,0,.247,.315,.403,.717,9,9,R,S.Turnbull (60)
157,157,Sep 26,,DET,W11-4,43,37,11,14,1,1,3,11,6,1,8,0,0,0,0,1,1,0,.248,.316,.405,.720,8,12,L,M.Boyd (22)
158,158,Sep 27,,DET,W9-3,39,35,9,12,6,0,0,9,4,0,10,0,0,0,0,0,0,1,.249,.316,.405,.722,6,10,L,F.Liriano (39)
159,159,Sep 28 (1),,CHW,W2-1,33,27,2,5,1,0,0,2,5,0,8,0,0,1,0,0,0,1,.249,.316,.404,.721,7,9,R,R.Lopez (56)
160,160,Sep 28 (2),,CHW,W12-4,47,39,12,14,4,0,0,12,7,0,10,1,0,0,2,0,1,0,.249,.317,.405,.722,11,12,R,L.Giolito (14)
161,161,Sep 29,,CHW,W8-3,42,33,8,11,3,0,0,8,7,0,8,1,0,1,0,1,0,0,.250,.318,.405,.723,10,10,L,C.Rodon (7)
162,162,Sep 30,,CHW,W5-4,33,31,5,7,2,0,2,5,2,0,3,0,0,0,0,0,1,0,.250,.318,.405,.723,4,11,R,D.Covey (41)