Rk,Gtm,Date,,Opp,Rslt,PA,AB,R,H,2B,3B,HR,RBI,BB,IBB,SO,HBP,SH,SF,ROE,GDP,SB,CS,BA,OBP,SLG,OPS,LOB,#,Thr,Opp. Starter (GmeSc)
1,1,Mar 29,,STL,W9-4,44,33,9,12,2,0,0,8,9,0,8,1,1,0,1,3,1,0,.364,.512,.424,.936,11,14,R,C.Martinez (36)
2,2,Mar 31,,STL,W6-2,40,33,6,11,3,0,2,6,5,1,5,1,0,1,0,0,0,0,.348,.470,.515,.985,10,13,R,M.Wacha (38)
3,3,Apr 1,,STL,L1-5,36,32,1,7,1,0,0,1,3,0,8,0,1,0,0,0,0,0,.306,.415,.429,.844,8,16,R,L.Weaver (53)
4,4,Apr 3,,PHI,W2-0,33,30,2,7,1,0,0,2,1,0,8,2,0,0,0,0,0,1,.289,.391,.391,.781,7,16,R,B.Lively (53)
5,5,Apr 4,,PHI,W4-2,34,27,4,5,0,1,1,4,6,0,7,1,0,0,0,1,0,1,.271,.384,.387,.771,6,16,R,A.Nola (51)
6,6,Apr 5,@,WSN,W8-2,39,34,8,8,2,0,3,7,4,0,10,1,0,0,0,1,0,0,.265,.375,.418,.793,4,15,R,S.Strasburg (50)
7,7,Apr 7,@,WSN,W3-2,39,34,3,8,3,0,0,3,5,2,10,0,0,0,0,1,1,0,.260,.369,.404,.772,9,18,L,G.Gonzalez (55)
8,8,Apr 8,@,WSN,W6-5,48,42,6,9,2,0,2,6,5,1,18,0,1,0,0,1,1,0,.253,.358,.404,.762,6,17,R,T.Roark (42)
9,9,Apr 9,@,MIA,W4-2,36,31,4,6,1,0,0,3,5,0,9,0,0,0,1,1,0,1,.247,.353,.385,.738,5,15,R,J.Urena (48)
10,10,Apr 10,@,MIA,W8-6,40,36,8,9,4,0,3,8,3,0,11,0,0,1,1,0,0,0,.247,.347,.410,.757,5,14,L,C.Smith (51)
11,11,Apr 11,@,MIA,W4-1,36,30,4,5,2,0,0,4,4,2,6,1,0,1,1,1,0,1,.240,.341,.395,.736,5,16,L,J.Garcia (73)
12,12,Apr 13,,MIL,W6-5,35,31,6,9,2,1,2,5,3,0,9,0,0,1,1,2,0,0,.244,.341,.412,.754,5,16,R,Z.Davies (31)
13,13,Apr 14,,MIL,L1-5,31,28,1,3,0,0,0,1,2,0,10,1,0,0,0,2,0,0,.235,.332,.392,.724,3,14,R,C.Anderson (68)
14,14,Apr 15,,MIL,W3-2,41,34,3,7,1,1,2,3,6,2,11,1,0,0,1,0,0,0,.233,.333,.398,.731,12,17,R,J.Chacin (49)
15,15,Apr 16,,WSN,L6-8,39,34,6,10,3,1,1,6,4,0,6,0,1,0,1,0,2,1,.237,.335,.407,.742,6,19,R,J.Hellickson (44)
16,16,Apr 17,,WSN,L2-5,40,36,2,11,1,0,0,2,3,0,12,0,0,1,0,0,0,1,.242,.336,.402,.738,11,15,L,G.Gonzalez (47)
17,17,Apr 18,,WSN,W11-5,39,32,11,8,2,0,1,11,6,1,7,1,0,0,1,1,0,0,.242,.339,.402,.741,4,17,R,T.Roark (68)
18,18,Apr 19,@,ATL,L4-12,35,31,4,6,0,0,2,4,3,0,8,0,0,1,0,1,0,0,.240,.335,.401,.736,4,15,R,M.Wisler (77)
19,19,Apr 20,@,ATL,W5-3,48,39,5,9,5,0,0,5,6,0,12,1,1,1,1,2,1,0,.239,.335,.399,.734,7,15,L,S.Newcomb (52)
20,20,Apr 21,@,ATL,L3-4,38,34,3,7,0,0,0,3,4,1,7,0,0,0,1,1,2,0,.238,.333,.389,.722,8,14,R,J.Teheran (74)
21,21,Apr 24,@,STL,W6-5,42,33,6,6,0,1,2,6,8,0,9,0,0,1,0,1,0,0,.235,.333,.390,.723,6,17,R,L.Weaver (42)
22,22,Apr 25,@,STL,L1-9,35,34,1,7,0,0,0,1,1,0,12,0,0,0,1,1,0,0,.234,.329,.382,.710,7,13,R,M.Wacha (65)
23,23,Apr 26,@,STL,L3-4,53,47,3,9,1,0,0,3,2,0,8,3,0,1,1,1,0,0,.231,.325,.372,.696,11,19,R,C.Martinez (63)
24,24,Apr 27,@,SDP,W5-1,39,33,5,9,2,0,1,5,4,0,7,1,1,0,0,2,0,0,.233,.327,.374,.700,7,12,L,C.Richard (51)
25,25,Apr 28,@,SDP,L2-12,33,31,2,4,0,0,1,2,2,0,9,0,0,0,0,0,0,0,.229,.322,.368,.690,4,15,L,J.Lucchesi (57)
26,26,Apr 29,@,SDP,W14-2,53,45,14,19,2,0,3,14,7,0,7,0,1,0,0,0,4,0,.239,.331,.383,.714,12,15,R,B.Mitchell (39)
27,27,May 1,,ATL,L2-3,36,35,2,9,1,0,1,2,1,0,9,0,0,0,0,1,0,0,.239,.329,.383,.712,7,16,R,M.Soroka (61)
28,28,May 2,,ATL,L0-7,31,30,0,3,2,0,0,0,1,0,10,0,0,0,0,0,0,0,.235,.323,.376,.699,4,13,L,S.Newcomb (80)
29,29,May 3,,ATL,L0-11,33,30,0,3,1,0,0,0,3,0,10,0,0,0,0,0,0,0,.231,.319,.369,.688,6,16,R,J.Teheran (77)
30,30,May 4,,COL,L7-8,42,39,7,12,1,1,2,7,3,0,12,0,0,0,1,0,1,0,.234,.320,.375,.696,8,12,R,G.Marquez (60)
31,31,May 5,,COL,L0-2,34,32,0,6,1,0,0,0,2,0,3,0,0,0,0,0,1,0,.232,.318,.370,.688,7,13,R,C.Bettis (66)
32,32,May 6,,COL,L2-3,35,31,2,5,0,0,0,2,3,0,13,0,0,1,0,0,0,0,.230,.315,.364,.680,6,17,L,K.Freeland (68)
33,33,May 7,@,CIN,W7-6,41,37,7,13,5,0,4,7,2,0,9,0,0,2,0,1,0,0,.234,.317,.379,.696,7,14,R,H.Bailey (24)
34,34,May 8,@,CIN,L2-7,36,32,2,6,0,0,1,2,4,0,11,0,0,0,0,1,0,0,.233,.316,.377,.693,7,18,R,L.Castillo (61)
35,35,May 9,@,CIN,L1-2,36,34,1,4,1,1,0,1,2,0,10,0,0,0,0,0,1,0,.230,.312,.372,.684,5,14,R,S.Romano (66)
36,36,May 11,@,PHI,W3-1,36,34,3,9,1,0,2,3,2,0,5,0,0,0,0,1,0,0,.231,.312,.374,.686,6,17,R,J.Arrieta (71)
37,37,May 13,@,PHI,L2-4,38,34,2,11,1,0,1,2,3,0,8,1,0,0,0,2,0,1,.233,.314,.376,.690,9,17,R,A.Nola (52)
38,38,May 15,,TOR,W12-2,43,38,12,16,4,1,1,12,4,0,6,0,0,1,0,1,1,0,.239,.318,.384,.703,7,13,L,J.Garcia (25)
39,39,May 16,,TOR,L1-12,31,31,1,4,2,0,1,1,0,0,12,0,0,0,0,0,0,0,.236,.315,.382,.697,3,16,L,J.Happ (83)
40,40,May 18,,ARI,W3-1,36,31,3,6,1,0,0,3,5,0,7,0,0,0,1,0,0,0,.235,.314,.379,.693,9,12,R,Z.Godley (58)
41,41,May 19,,ARI,W5-4,39,33,5,10,2,0,2,5,4,0,7,1,0,1,0,0,1,0,.237,.316,.383,.699,9,16,L,P.Corbin (54)
42,42,May 20,,ARI,W4-1,33,32,4,8,1,0,3,4,1,0,4,0,0,0,0,0,1,0,.237,.315,.387,.702,5,12,R,C.Buchholz (60)
43,43,May 21,,MIA,W2-0,33,32,2,9,2,0,0,2,1,0,4,0,0,0,1,1,0,1,.238,.315,.386,.701,7,16,R,E.Hernandez (56)
44,44,May 22,,MIA,L1-5,32,28,1,4,2,0,0,1,3,0,8,0,0,1,0,2,0,0,.236,.313,.383,.696,4,16,L,C.Smith (70)
45,45,May 23,,MIA,L1-2,35,32,1,6,0,0,1,1,3,0,6,0,0,0,0,0,0,1,.235,.312,.380,.692,7,14,R,D.Straily (62)
46,46,May 24,@,MIL,W5-0,43,38,5,13,5,1,0,5,4,0,5,0,0,1,0,0,0,1,.238,.314,.384,.698,11,12,R,Z.Davies (34)
47,47,May 25,@,MIL,L3-4,39,35,3,7,0,0,2,3,4,0,7,0,0,0,0,1,0,0,.237,.313,.384,.697,6,16,R,J.Guerra (57)
48,48,May 26,@,MIL,L6-17,43,38,6,12,1,0,2,6,5,0,11,0,0,0,0,1,0,0,.239,.315,.386,.702,10,16,R,C.Anderson (29)
49,49,May 27,@,MIL,L7-8,38,35,7,10,1,0,2,7,2,0,6,1,0,0,0,2,1,0,.240,.316,.389,.704,4,15,R,J.Chacin (39)
50,50,May 28 (1),@,ATL,L3-4,37,31,3,7,1,0,1,3,5,0,12,1,0,0,1,2,1,1,.240,.316,.388,.704,7,11,L,M.Fried (55)
51,51,May 28 (2),@,ATL,W8-5,44,42,8,15,1,0,1,8,2,0,6,0,0,0,1,1,0,0,.242,.318,.389,.708,9,15,R,B.McCarthy (32)
52,52,May 29,@,ATL,L6-7,40,36,6,10,3,0,3,6,2,0,8,2,0,0,0,1,3,0,.243,.319,.394,.713,7,16,R,A.Sanchez (36)
53,53,May 30,@,ATL,W4-1,39,34,4,9,5,1,0,4,5,1,4,0,0,0,0,1,0,1,.244,.319,.395,.715,8,13,R,J.Teheran (59)
54,54,May 31,,CHC,L1-5,34,30,1,4,1,0,1,1,4,0,8,0,0,0,0,0,0,0,.242,.318,.393,.711,6,16,L,J.Quintana (70)
55,55,Jun 1,,CHC,L4-7,38,32,4,6,1,0,1,4,6,0,7,0,0,0,0,0,0,1,.241,.318,.392,.710,7,15,R,T.Chatwood (51)
56,56,Jun 2,,CHC,L1-7,54,50,1,7,1,0,1,1,4,1,15,0,0,0,2,0,0,0,.238,.315,.387,.703,11,20,L,M.Montgomery (67)
57,57,Jun 3,,CHC,L0-2,34,29,0,3,0,0,0,0,4,0,8,1,0,0,1,2,2,0,.236,.314,.383,.697,7,11,L,J.Lester (77)
58,58,Jun 5,,BAL,L1-2,33,29,1,3,1,0,0,1,3,0,9,0,0,1,1,1,0,0,.234,.312,.380,.692,5,13,R,A.Cobb (70)
59,59,Jun 6,,BAL,L0-1,34,31,0,5,2,0,0,0,3,1,5,0,0,0,0,0,0,0,.233,.311,.377,.688,7,13,R,D.Bundy (73)
60,60,Jun 8,,NYY,L1-4,32,30,1,4,0,0,1,1,1,0,11,1,0,0,0,1,0,0,.232,.309,.375,.684,4,11,R,M.Tanaka (68)
61,61,Jun 9,,NYY,L3-4,36,33,3,6,2,1,2,3,2,0,15,1,0,0,0,0,1,0,.231,.308,.377,.685,6,16,R,D.German (59)
62,62,Jun 10,,NYY,W2-0,32,29,2,5,0,0,1,2,3,0,11,0,0,0,0,0,1,0,.230,.307,.375,.683,6,13,R,L.Severino (54)
63,63,Jun 12,@,ATL,L2-8,33,30,2,3,1,0,0,2,2,0,10,1,0,0,1,0,0,0,.228,.306,.372,.678,4,11,R,M.Foltynewicz (69)
64,64,Jun 13,@,ATL,L0-2,31,28,0,2,1,0,0,0,3,0,7,0,0,0,0,1,0,0,.226,.304,.369,.672,4,12,R,M.Soroka (74)
65,65,Jun 14,@,ARI,L3-6,32,30,3,4,0,0,3,3,2,0,9,0,0,0,0,1,0,0,.225,.302,.369,.672,2,14,R,M.Koch (62)
66,66,Jun 15,@,ARI,L3-7,37,33,3,7,4,0,1,3,3,0,10,1,0,0,1,0,0,1,.225,.302,.370,.672,7,14,R,Z.Godley (61)
67,67,Jun 16,@,ARI,W5-1,40,36,5,10,3,0,1,4,4,1,8,0,0,0,0,0,1,0,.226,.303,.371,.674,8,13,L,P.Corbin (41)
68,68,Jun 17,@,ARI,W5-3,40,34,5,9,2,0,2,5,5,0,8,0,0,1,0,1,1,0,.226,.304,.373,.677,8,14,R,C.Buchholz (58)
69,69,Jun 18,@,COL,W12-2,47,41,12,15,4,0,4,12,5,1,9,1,0,0,0,1,1,0,.229,.306,.380,.686,8,12,L,T.Anderson (45)
70,70,Jun 19,@,COL,L8-10,39,32,8,9,2,0,0,7,4,0,10,0,1,2,1,1,0,0,.229,.307,.380,.686,4,15,R,G.Marquez (46)
71,71,Jun 20,@,COL,L8-10,47,37,8,13,4,1,0,8,9,1,6,0,0,1,0,2,0,0,.231,.310,.382,.691,12,17,R,C.Bettis (13)
72,72,Jun 21,@,COL,L4-6,37,31,4,11,1,1,1,4,4,0,6,0,1,1,0,5,0,0,.233,.311,.384,.695,6,15,L,K.Freeland (54)
73,73,Jun 22,,LAD,L2-5,36,35,2,8,0,0,1,2,1,0,10,0,0,0,1,1,0,0,.233,.310,.383,.693,7,14,L,A.Wood (58)
74,74,Jun 23,,LAD,L3-8,38,36,3,10,2,1,1,3,2,0,11,0,0,0,0,1,1,0,.233,.310,.384,.694,8,13,L,C.Kershaw (44)
75,75,Jun 24,,LAD,L7-8,48,42,7,9,3,0,2,7,3,1,9,3,0,0,0,0,0,0,.233,.310,.385,.695,8,20,L,R.Hill (45)
76,76,Jun 25,,PIT,L4-6,38,32,4,6,2,0,1,4,6,0,11,0,0,0,1,2,0,0,.232,.310,.384,.695,7,15,R,J.Taillon (58)
77,77,Jun 26,,PIT,W4-3,41,36,4,8,0,0,1,4,3,0,10,1,1,0,1,0,1,0,.232,.310,.383,.693,9,14,R,C.Kuhl (50)
78,78,Jun 27,,PIT,L3-5,34,30,3,6,3,0,1,3,1,0,5,1,2,0,0,0,0,1,.232,.310,.383,.693,4,14,R,I.Nova (52)
79,79,Jun 29,@,MIA,L2-8,39,30,2,7,2,0,0,1,9,0,7,0,0,0,0,3,0,0,.232,.311,.383,.693,10,16,R,S.Alcantara (54)
80,80,Jun 30,@,MIA,L2-5,34,32,2,6,1,0,2,2,1,1,9,0,1,0,0,0,0,0,.231,.310,.383,.693,5,12,R,P.Lopez (56)
81,81,Jul 1,@,MIA,W5-2,38,32,5,5,1,0,1,3,6,2,10,0,0,0,1,1,0,0,.231,.310,.382,.691,6,14,R,D.Straily (58)
82,82,Jul 3,@,TOR,L6-8,40,33,6,8,4,0,3,6,7,0,9,0,0,0,0,1,0,1,.231,.310,.385,.695,7,11,R,M.Estrada (41)
83,83,Jul 4,@,TOR,W6-3,38,34,6,10,2,0,1,6,4,0,8,0,0,0,0,2,0,1,.231,.311,.385,.696,5,9,R,M.Stroman (26)
84,84,Jul 6,,TBR,W5-1,38,32,5,6,1,0,1,5,5,1,11,0,1,0,2,0,1,0,.231,.311,.385,.695,7,11,R,R.Stanek (57)
85,85,Jul 7,,TBR,L0-3,34,31,0,7,3,0,0,0,3,1,10,0,0,0,0,2,0,1,.231,.311,.384,.695,7,12,L,B.Snell (72)
86,86,Jul 8,,TBR,L0-9,29,27,0,2,0,0,0,0,2,0,10,0,0,0,0,2,0,0,.229,.309,.381,.690,2,17,R,N.Eovaldi (84)
87,87,Jul 9 (1),,PHI,W4-3,34,33,4,7,2,0,2,3,0,0,5,0,1,0,0,0,0,0,.229,.308,.382,.690,3,15,R,Z.Eflin (49)
88,88,Jul 9 (2),,PHI,L1-3,32,29,1,2,1,0,0,1,2,0,13,1,0,0,0,0,0,0,.228,.307,.379,.686,4,16,R,A.Nola (84)
89,89,Jul 10,,PHI,L3-7,35,31,3,7,1,2,0,3,3,0,8,0,0,1,0,2,0,0,.228,.307,.379,.686,5,13,R,E.De Los Santos (54)
90,90,Jul 11,,PHI,W3-0,36,32,3,4,1,0,1,3,4,1,4,0,0,0,1,1,1,1,.227,.306,.378,.683,4,13,R,V.Velasquez (70)
91,91,Jul 12,,WSN,L4-5,36,32,4,7,1,0,3,4,4,0,6,0,0,0,0,1,0,0,.226,.306,.379,.685,5,16,R,M.Scherzer (58)
92,92,Jul 13,,WSN,W4-2,38,34,4,11,1,1,0,4,3,0,11,0,0,1,0,0,1,0,.228,.306,.380,.686,10,13,R,T.Roark (38)
93,93,Jul 14,,WSN,W7-4,38,33,7,10,0,0,1,7,3,0,6,1,0,1,0,0,0,0,.228,.307,.380,.687,7,12,R,A.Voth (17)
94,94,Jul 15,,WSN,L1-6,35,31,1,5,1,0,0,1,3,0,8,1,0,0,0,1,0,0,.228,.307,.378,.685,7,18,R,J.Hellickson (68)
95,95,Jul 20,@,NYY,W7-5,42,35,7,10,5,0,1,7,6,0,8,0,0,1,0,0,0,0,.228,.307,.380,.687,8,9,R,D.German (36)
96,96,Jul 21,@,NYY,L6-7,39,31,6,5,0,0,1,4,6,0,11,2,0,0,0,1,1,0,.228,.308,.378,.686,6,11,R,S.Gray (55)
97,97,Jul 23,,SDP,L2-3,38,35,2,7,0,0,0,2,1,0,12,2,0,0,1,0,1,0,.227,.307,.376,.684,9,11,L,J.Lucchesi (54)
98,98,Jul 24,,SDP,W6-3,36,33,6,9,2,1,1,6,3,0,11,0,0,0,0,0,0,0,.228,.307,.378,.685,6,12,L,E.Lauer (28)
99,99,Jul 25,,SDP,W6-4,32,29,6,5,0,0,1,6,3,0,5,0,0,0,0,0,2,0,.227,.307,.377,.684,2,14,L,C.Richard (32)
100,100,Jul 26,@,PIT,W12-6,51,38,12,14,5,0,2,10,9,1,4,1,0,3,2,0,0,1,.229,.309,.380,.689,12,15,R,N.Kingham (18)
101,101,Jul 27,@,PIT,L4-5,39,34,4,9,2,0,1,3,3,0,6,1,1,0,1,1,0,0,.229,.310,.380,.690,8,17,R,I.Nova (39)
102,102,Jul 28,@,PIT,L0-5,35,32,0,6,1,0,0,0,3,0,11,0,0,0,0,1,1,0,.229,.309,.379,.688,8,10,R,T.Williams (64)
103,103,Jul 29,@,PIT,W1-0,38,31,1,5,1,0,0,1,4,1,4,3,0,0,0,1,0,0,.228,.309,.377,.686,10,13,R,J.Musgrove (63)
104,104,Jul 31,@,WSN,L4-25,37,36,4,9,2,0,2,4,1,0,10,0,0,0,1,0,0,1,.229,.309,.378,.687,6,17,R,T.Roark (72)
105,105,Aug 1,@,WSN,L3-5,33,32,3,6,1,0,3,3,1,0,11,0,0,0,0,1,0,0,.228,.308,.379,.687,3,12,L,T.Milone (76)
106,106,Aug 2,,ATL,L2-4,34,32,2,6,1,0,1,2,2,0,10,0,0,0,1,1,1,0,.228,.307,.378,.686,5,15,R,M.Foltynewicz (58)
107,107,Aug 3,,ATL,L1-2,32,29,1,2,1,0,0,1,3,0,10,0,0,0,1,1,0,0,.227,.306,.376,.682,4,11,R,A.Sanchez (71)
108,108,Aug 4,,ATL,W3-0,35,31,3,9,1,0,0,3,2,0,7,1,0,1,0,1,0,0,.227,.306,.376,.682,8,11,R,K.Gausman (43)
109,109,Aug 5,,ATL,L4-5,42,37,4,9,2,0,2,4,5,0,12,0,0,0,0,0,2,1,.227,.307,.377,.683,8,16,R,J.Teheran (49)
110,110,Aug 6,,CIN,W6-4,39,37,6,16,0,0,2,6,0,0,5,1,1,0,0,2,0,0,.229,.308,.379,.687,9,13,R,H.Bailey (20)
111,111,Aug 7,,CIN,L1-6,35,30,1,4,1,0,0,1,3,0,8,2,0,0,0,1,0,0,.229,.308,.377,.685,7,17,R,S.Romano (66)
112,112,Aug 8,,CIN,W8-0,44,32,8,8,6,0,0,8,11,2,8,0,0,1,1,0,1,0,.229,.309,.378,.686,12,14,R,R.Stephenson (43)
113,113,Aug 10,@,MIA,W6-2,41,39,6,13,2,0,0,6,1,0,9,1,0,0,0,0,0,0,.230,.309,.378,.687,8,13,R,J.Urena (38)
114,114,Aug 11,@,MIA,L3-4,44,37,3,6,4,0,0,3,6,2,9,1,0,0,0,1,1,0,.229,.309,.377,.686,8,14,R,D.Straily (45)
115,115,Aug 12,@,MIA,W4-3,34,30,4,5,0,0,2,4,2,0,9,0,1,1,1,0,1,0,.229,.309,.377,.685,3,13,L,W.Chen (56)
116,116,Aug 13,@,NYY,W8-5,44,41,8,15,1,0,5,7,2,0,12,1,0,0,0,0,1,1,.230,.310,.381,.690,9,9,R,L.Severino (37)
117,117,Aug 14,@,BAL,L3-6,36,33,3,7,0,1,0,2,3,0,5,0,0,0,0,1,0,0,.230,.309,.380,.689,6,9,R,A.Cashner (59)
118,118,Aug 15,@,BAL,W16-5,52,44,16,19,4,3,3,15,5,0,6,2,0,1,0,1,1,0,.232,.312,.385,.697,9,10,R,D.Bundy (23)
119,119,Aug 16 (1),@,PHI,W24-4,61,52,24,25,7,1,3,19,7,1,5,1,1,0,3,2,1,0,.235,.315,.391,.705,10,13,L,R.Suarez (16)
120,120,Aug 16 (2),@,PHI,L6-9,42,37,6,9,5,0,0,6,5,0,8,0,0,0,1,0,0,0,.235,.315,.391,.706,9,16,R,Z.Eflin (46)
121,121,Aug 17,@,PHI,L2-4,35,32,2,6,1,0,0,2,1,0,14,1,0,1,1,0,0,0,.235,.314,.389,.704,6,13,R,A.Nola (77)
122,122,Aug 18,@,PHI,W3-1,36,35,3,7,1,1,1,3,0,0,12,1,0,0,1,0,1,0,.235,.313,.389,.703,6,9,R,J.Arrieta (66)
123,123,Aug 19,@,PHI,W8-2,40,37,8,14,1,0,0,8,2,0,11,0,1,0,0,1,0,1,.236,.314,.389,.704,5,13,R,N.Pivetta (25)
124,124,Aug 20,,SFG,L1-2,50,46,1,8,1,0,0,1,4,0,12,0,0,0,2,2,0,1,.235,.314,.387,.701,10,19,L,D.Holland (59)
125,125,Aug 21,,SFG,W6-3,32,30,6,9,2,1,1,6,1,1,7,0,0,1,0,1,0,1,.236,.313,.388,.702,2,12,R,C.Stratton (57)
126,126,Aug 22,,SFG,W5-3,37,35,5,9,2,1,3,5,1,0,6,1,0,0,2,0,0,0,.236,.313,.390,.704,8,16,R,C.Kelly (50)
127,127,Aug 23,,SFG,L1-3,33,31,1,5,0,0,1,1,1,0,9,1,0,0,0,1,0,0,.235,.313,.389,.702,5,13,L,M.Bumgarner (76)
128,128,Aug 24,,WSN,W3-0,33,30,3,8,1,0,1,3,1,0,4,1,1,0,0,0,2,0,.236,.313,.389,.702,6,12,L,G.Gonzalez (61)
129,129,Aug 25,,WSN,W3-0,31,31,3,8,1,0,2,3,0,0,9,0,0,0,0,0,1,1,.236,.312,.390,.702,4,13,R,T.Roark (67)
130,130,Aug 26,,WSN,L0-15,35,30,0,3,0,0,0,0,5,0,7,0,0,0,0,0,0,0,.235,.312,.388,.700,8,14,R,J.Rodriguez (67)
131,131,Aug 27,@,CHC,L4-7,38,34,4,8,0,0,2,4,4,0,6,0,0,0,1,0,1,2,.235,.312,.388,.700,7,14,L,J.Lester (50)
132,132,Aug 28,@,CHC,L1-2,45,39,1,8,1,1,0,1,6,1,14,0,0,0,1,0,1,2,.235,.312,.387,.699,11,14,L,C.Hamels (64)
133,133,Aug 29,@,CHC,W10-3,45,42,10,16,1,1,1,10,3,0,7,0,0,0,1,1,0,0,.236,.313,.389,.701,8,16,R,A.Mills (44)
134,134,Aug 31,@,SFG,L0-7,30,29,0,3,2,0,0,0,0,0,8,1,0,0,0,1,0,0,.235,.312,.387,.699,3,14,L,A.Suarez (78)
135,135,Sep 1,@,SFG,W2-1,41,37,2,7,2,1,0,2,3,0,10,0,0,1,0,1,1,0,.235,.311,.386,.698,6,13,L,D.Holland (60)
136,136,Sep 2,@,SFG,W4-1,35,32,4,7,2,0,1,4,2,0,4,0,1,0,0,1,2,0,.235,.311,.386,.697,4,9,R,C.Stratton (60)
137,137,Sep 3,@,LAD,W4-2,39,34,4,11,1,0,1,4,3,0,5,1,1,0,0,2,1,1,.235,.311,.387,.698,8,16,L,A.Wood (54)
138,138,Sep 4,@,LAD,L4-11,40,38,4,11,4,0,2,4,2,0,12,0,0,0,0,0,0,0,.236,.312,.388,.700,9,19,L,R.Hill (49)
139,139,Sep 5,@,LAD,W7-3,39,38,7,13,2,0,0,4,0,0,11,1,0,0,1,2,0,0,.237,.312,.388,.700,5,12,L,H.Ryu (48)
140,140,Sep 7,,PHI,L3-4,32,30,3,3,1,0,2,3,1,0,8,1,0,0,0,0,0,0,.236,.311,.388,.699,2,15,R,A.Nola (66)
141,141,Sep 8,,PHI,W10-5,41,34,10,11,2,1,2,10,5,1,10,1,0,1,0,0,0,0,.236,.312,.389,.701,7,15,R,Z.Eflin (29)
142,142,Sep 9,,PHI,W6-4,40,33,6,9,3,1,1,6,5,0,6,2,0,0,1,0,0,0,.237,.312,.390,.703,10,16,R,V.Velasquez (31)
143,143,Sep 11,,MIA,L3-5,37,32,3,5,1,0,2,3,5,0,8,0,0,0,0,0,0,0,.236,.312,.390,.702,7,14,R,J.Urena (63)
144,144,Sep 12 (1),,MIA,W13-0,43,39,13,14,2,1,3,12,3,0,6,0,1,0,2,0,0,0,.237,.313,.393,.705,6,11,R,T.Richards (34)
145,145,Sep 13 (1),,MIA,W4-3,32,29,4,4,1,0,3,4,3,0,7,0,0,0,0,0,0,1,.237,.312,.393,.705,2,15,R,S.Alcantara (68)
146,146,Sep 13 (2),,MIA,W5-2,36,33,5,9,1,0,1,5,3,1,4,0,0,0,0,0,0,0,.237,.312,.393,.706,7,13,R,J.Brigham (42)
147,147,Sep 14,@,BOS,W8-0,42,35,8,9,2,0,4,8,5,0,10,2,0,0,0,1,1,0,.237,.313,.395,.708,7,10,R,W.Cuevas (45)
148,148,Sep 15,@,BOS,L3-5,33,29,3,2,0,0,1,3,3,0,9,1,0,0,0,0,1,0,.236,.312,.394,.706,3,9,R,R.Porcello (55)
149,149,Sep 16,@,BOS,L3-4,36,30,3,6,2,0,0,3,3,0,5,2,0,1,0,0,0,2,.236,.312,.393,.705,6,11,L,C.Sale (58)
150,150,Sep 17,@,PHI,W9-4,41,38,9,14,4,0,1,9,2,0,10,0,0,1,0,0,1,1,.237,.313,.394,.707,5,16,R,J.Arrieta (38)
151,151,Sep 18,@,PHI,L2-5,37,33,2,6,1,0,1,2,4,1,15,0,0,0,0,0,0,0,.236,.312,.394,.706,8,16,R,A.Nola (56)
152,152,Sep 19,@,PHI,L0-4,35,32,0,6,0,0,0,0,3,0,9,0,0,0,1,2,2,0,.236,.312,.392,.704,8,15,R,Z.Eflin (67)
153,153,Sep 20,@,WSN,W5-4,51,43,5,10,2,1,2,5,6,1,19,0,1,1,0,1,0,0,.236,.312,.393,.705,10,20,R,M.Scherzer (66)
154,154,Sep 21,@,WSN,W4-2,40,35,4,8,5,0,0,4,4,0,6,1,0,0,1,0,0,0,.236,.312,.393,.705,9,13,R,J.Ross (44)
155,155,Sep 22,@,WSN,L0-6,32,28,0,1,0,0,0,0,4,0,9,0,0,0,0,0,0,0,.235,.311,.391,.702,5,13,R,A.Voth (68)
156,156,Sep 23,@,WSN,W8-6,48,37,8,14,4,1,0,8,9,0,7,0,1,1,0,2,2,0,.236,.313,.392,.705,13,18,R,E.Fedde (36)
157,157,Sep 25,,ATL,L3-7,40,32,3,6,2,0,0,3,7,0,10,0,0,1,0,0,0,1,.236,.313,.391,.704,10,16,R,T.Toussaint (54)
158,158,Sep 26,,ATL,W3-0,34,30,3,6,2,0,2,3,4,0,13,0,0,0,0,0,0,0,.235,.313,.391,.704,7,10,L,S.Newcomb (69)
159,159,Sep 27,,ATL,W4-1,33,29,4,5,1,0,2,4,4,0,10,0,0,0,0,0,1,0,.235,.313,.392,.704,5,14,R,J.Teheran (67)
160,160,Sep 28,,MIA,L1-8,36,30,1,5,0,0,0,1,5,0,4,1,0,0,1,1,1,1,.235,.313,.390,.703,8,17,R,J.Urena (56)
161,161,Sep 29,,MIA,W1-0,52,43,1,11,2,0,0,1,7,0,14,0,2,0,0,2,3,1,.235,.313,.390,.703,14,20,R,T.Richards (68)
162,162,Sep 30,,MIA,W1-0,29,27,1,4,1,0,0,1,2,0,11,0,0,0,0,0,0,0,.234,.312,.389,.701,4,10,R,S.Alcantara (73)