Rk,Gtm,Date,,Opp,Rslt,PA,AB,R,H,2B,3B,HR,RBI,BB,IBB,SO,HBP,SH,SF,ROE,GDP,SB,CS,BA,OBP,SLG,OPS,LOB,#,Thr,Opp. Starter (GmeSc)
1,1,Mar 29,@,ATL,L5-8,38,31,5,6,2,0,1,5,6,0,11,1,0,0,0,2,1,0,.194,.342,.355,.697,6,16,R,J.Teheran (45)
2,2,Mar 30,@,ATL,W5-4,48,40,5,10,2,0,2,5,5,0,10,0,0,2,0,1,3,0,.225,.329,.408,.738,10,20,R,M.Foltynewicz (53)
3,3,Mar 31,@,ATL,L2-15,36,31,2,6,3,0,0,2,4,0,9,0,1,0,0,0,0,1,.216,.317,.373,.689,7,17,R,B.McCarthy (50)
4,4,Apr 3,@,NYM,L0-2,34,31,0,3,0,0,0,0,3,0,11,0,0,0,1,0,0,0,.188,.286,.308,.594,7,15,R,M.Harvey (69)
5,5,Apr 4,@,NYM,L2-4,33,31,2,5,2,0,0,1,2,0,15,0,0,0,0,1,2,0,.183,.273,.293,.565,4,14,R,N.Syndergaard (51)
6,6,Apr 5,,MIA,W5-0,39,30,5,6,0,1,1,5,9,2,9,0,0,0,1,0,4,1,.186,.292,.304,.596,10,13,L,C.Smith (41)
7,7,Apr 7,,MIA,W20-1,49,42,20,20,4,0,4,20,6,0,11,0,0,1,0,1,0,0,.237,.335,.403,.737,5,12,L,D.Peters (4)
8,8,Apr 8,,MIA,L3-6,36,31,3,7,3,0,0,3,4,0,5,0,0,1,0,0,0,2,.236,.331,.393,.724,6,18,R,T.Richards (37)
9,9,Apr 9,,CIN,W6-5,35,30,6,6,1,0,3,6,4,0,6,0,0,1,1,0,0,0,.232,.327,.407,.734,5,15,L,C.Reed (38)
10,10,Apr 10,,CIN,W6-1,34,30,6,6,3,0,1,6,2,1,11,1,1,0,1,0,1,0,.229,.322,.407,.729,4,11,R,H.Bailey (71)
11,11,Apr 11,,CIN,W4-3,47,39,4,6,0,0,2,4,6,2,12,0,1,1,1,0,0,1,.221,.315,.396,.711,8,18,R,L.Castillo (54)
12,12,Apr 13,@,TBR,W2-1,36,33,2,7,2,0,0,2,3,1,13,0,0,0,0,0,0,0,.221,.312,.386,.698,7,9,R,J.Faria (65)
13,13,Apr 14,@,TBR,W9-4,42,38,9,13,4,0,1,9,3,0,3,0,0,1,0,1,0,0,.231,.318,.398,.716,6,9,R,C.Archer (18)
14,14,Apr 15,@,TBR,W10-4,43,36,10,8,2,0,1,10,6,0,8,1,0,0,1,0,1,0,.230,.321,.395,.716,6,9,L,R.Yarbrough (44)
15,15,Apr 16,@,ATL,L1-2,38,32,1,6,1,0,1,1,6,0,11,0,0,0,0,0,0,0,.228,.320,.390,.710,10,14,R,J.Teheran (64)
16,16,Apr 17,@,ATL,W5-1,44,34,5,8,2,0,0,5,10,1,13,0,0,0,0,4,2,0,.228,.326,.384,.710,9,20,R,M.Foltynewicz (64)
17,17,Apr 18,@,ATL,L3-7,35,31,3,6,1,0,0,2,4,0,10,0,0,0,1,3,0,0,.226,.324,.375,.700,5,13,R,B.McCarthy (58)
18,18,Apr 19,,PIT,W7-0,38,32,7,9,0,0,1,7,5,0,16,1,0,0,0,1,2,0,.229,.328,.375,.704,7,12,R,J.Taillon (28)
19,19,Apr 20,,PIT,W2-1,31,30,2,8,2,1,0,2,1,0,5,0,0,0,0,0,0,1,.231,.327,.377,.703,5,13,R,I.Nova (61)
20,20,Apr 21,,PIT,W6-2,37,31,6,7,0,0,1,5,4,0,10,1,1,0,1,1,0,0,.231,.327,.374,.701,7,13,L,S.Brault (57)
21,21,Apr 22,,PIT,W3-2,44,38,3,8,1,2,0,3,5,0,12,0,0,1,1,0,0,1,.230,.325,.372,.697,10,16,R,T.Williams (64)
22,22,Apr 24,,ARI,L4-8,38,32,4,7,1,0,0,4,4,0,16,1,0,1,0,1,0,0,.229,.325,.367,.692,7,15,L,R.Ray (50)
23,23,Apr 25,,ARI,W5-3,32,30,5,10,2,0,1,5,1,0,11,0,0,1,0,1,0,1,.233,.325,.372,.698,3,13,R,Z.Greinke (42)
24,24,Apr 26,,ARI,L2-8,35,33,2,9,3,0,0,2,2,0,7,0,0,0,0,3,0,0,.235,.325,.372,.697,6,14,R,M.Koch (54)
25,25,Apr 27,,ATL,W7-3,36,30,7,9,1,0,3,7,4,0,6,1,1,0,0,1,0,0,.237,.328,.381,.709,5,13,R,J.Teheran (43)
26,26,Apr 28,,ATL,L1-4,36,31,1,5,0,0,1,1,5,0,11,0,0,0,0,0,0,0,.235,.326,.377,.703,8,17,R,M.Foltynewicz (66)
27,27,Apr 29,,ATL,L1-10,36,31,1,5,1,0,0,1,5,0,13,0,0,0,1,2,0,0,.232,.324,.370,.695,8,14,R,B.McCarthy (57)
28,28,Apr 30,@,MIA,L4-8,39,33,4,8,2,0,2,4,6,0,4,0,0,0,0,1,0,1,.232,.325,.375,.700,8,15,R,D.Straily (31)
29,29,May 1,@,MIA,L1-2,42,37,1,8,2,0,0,1,3,0,9,1,1,0,0,0,0,0,.232,.324,.371,.695,11,17,L,J.Garcia (60)
30,30,May 2,@,MIA,W6-0,41,38,6,12,3,0,1,5,1,1,7,1,0,1,1,1,0,0,.235,.325,.374,.699,8,13,R,J.Urena (62)
31,31,May 4,@,WSN,L3-7,36,34,3,7,3,0,2,3,2,0,9,0,0,0,1,1,0,0,.234,.323,.378,.700,6,13,L,G.Gonzalez (66)
32,32,May 5,@,WSN,W3-1,38,32,3,7,0,1,1,3,6,0,11,0,0,0,0,2,0,0,.234,.323,.378,.701,8,15,R,T.Roark (55)
33,33,May 6,@,WSN,L4-5,39,36,4,9,4,0,1,4,2,1,18,1,0,0,1,1,1,0,.234,.323,.380,.703,8,17,R,M.Scherzer (72)
34,34,May 7,,SFG,W11-0,42,38,11,12,1,0,4,11,4,0,6,0,0,0,2,0,2,0,.237,.325,.389,.714,7,15,R,J.Samardzija (34)
35,35,May 8,,SFG,W4-2,34,30,4,8,1,0,3,4,3,0,6,1,0,0,0,2,1,0,.238,.325,.395,.720,6,13,L,D.Holland (44)
36,36,May 9,,SFG,W11-3,41,33,11,10,2,0,1,9,7,0,9,0,0,1,1,0,0,1,.239,.328,.396,.724,6,15,R,C.Stratton (37)
37,37,May 10,,SFG,W6-3,37,34,6,11,1,1,1,6,3,0,9,0,0,0,0,1,0,0,.242,.329,.399,.728,7,14,L,T.Blach (31)
38,38,May 11,,NYM,L1-3,37,32,1,7,0,0,1,1,4,0,8,1,0,0,0,2,1,0,.241,.329,.397,.726,9,13,L,S.Matz (52)
39,39,May 13,,NYM,W4-2,37,29,4,8,2,0,2,4,7,0,7,0,1,0,0,2,0,0,.242,.331,.400,.732,9,15,R,J.deGrom (52)
40,40,May 16,@,BAL,W4-1,38,35,4,9,2,1,1,4,3,0,8,0,0,0,0,0,0,1,.242,.331,.402,.733,7,10,R,A.Cashner (50)
41,41,May 17,@,STL,W6-2,40,38,6,11,1,0,2,6,2,1,8,0,0,0,0,1,1,0,.244,.331,.404,.735,7,16,R,L.Weaver (70)
42,42,May 18,@,STL,L4-12,36,34,4,7,1,0,2,4,2,0,9,0,0,0,0,0,0,0,.243,.329,.404,.733,5,14,R,M.Wacha (60)
43,43,May 19,@,STL,W7-6,40,35,7,7,0,1,1,6,5,0,12,0,0,0,1,0,1,0,.242,.328,.403,.731,6,15,R,J.Gant (44)
44,44,May 20,@,STL,L1-5,32,29,1,2,0,0,1,1,3,0,14,0,0,0,0,1,0,0,.238,.325,.398,.723,4,12,R,J.Flaherty (83)
45,45,May 21,,ATL,W3-0,34,31,3,8,1,0,2,3,3,0,7,0,0,0,0,0,0,0,.239,.325,.400,.725,7,12,R,M.Foltynewicz (59)
46,46,May 22,,ATL,L1-3,35,33,1,7,2,0,0,1,2,0,9,0,0,0,0,1,0,0,.238,.324,.397,.721,7,16,R,B.McCarthy (60)
47,47,May 23,,ATL,W4-0,37,31,4,8,2,0,0,4,5,0,8,0,1,0,0,0,0,0,.238,.324,.396,.720,9,12,L,L.Gohara (48)
48,48,May 25,,TOR,L5-6,39,34,5,7,4,0,2,4,5,0,10,0,0,0,0,0,0,0,.238,.324,.398,.722,7,15,R,S.Gaviglio (58)
49,49,May 26,,TOR,W2-1,31,30,2,6,0,0,2,2,0,0,5,1,0,0,0,0,0,0,.237,.322,.398,.720,5,12,L,J.Garcia (68)
50,50,May 27,,TOR,L3-5,35,32,3,6,1,0,0,2,3,0,10,0,0,0,0,1,0,0,.236,.321,.394,.715,5,17,L,J.Happ (58)
51,51,May 28,@,LAD,L4-5,38,33,4,7,2,0,1,3,2,0,10,1,1,0,0,0,0,0,.236,.320,.394,.714,7,15,R,B.Stewart (41)
52,52,May 29,@,LAD,W6-1,43,38,6,12,6,0,1,6,5,1,10,0,0,0,0,0,1,0,.237,.322,.397,.719,10,14,R,K.Maeda (42)
53,53,May 30,@,LAD,L2-8,38,35,2,8,1,0,1,2,2,0,13,1,0,0,0,0,0,0,.237,.321,.396,.717,9,14,R,R.Stripling (72)
54,54,May 31,@,LAD,W2-1,32,31,2,6,1,0,0,2,1,0,12,0,0,0,0,1,0,0,.236,.320,.393,.713,3,11,L,C.Kershaw (59)
55,55,Jun 1,@,SFG,L0-4,33,31,0,6,1,0,0,0,1,0,13,0,1,0,0,1,0,0,.236,.318,.390,.708,6,14,R,C.Stratton (70)
56,56,Jun 2,@,SFG,L0-2,30,30,0,3,0,1,0,0,0,0,5,0,0,0,0,0,0,0,.234,.315,.387,.702,3,13,L,A.Suarez (76)
57,57,Jun 3,@,SFG,L1-6,36,33,1,6,0,0,1,1,3,0,11,0,0,0,1,1,0,0,.233,.314,.385,.699,8,13,R,D.Rodriguez (62)
58,58,Jun 5,@,CHC,W6-1,42,35,6,9,1,0,1,6,6,1,7,0,0,1,0,0,0,0,.233,.315,.384,.699,9,11,R,K.Hendricks (39)
59,59,Jun 6,@,CHC,L5-7,38,33,5,6,0,0,2,5,4,0,16,1,0,0,0,0,0,0,.232,.314,.384,.698,6,15,L,J.Quintana (63)
60,60,Jun 7,@,CHC,L3-4,43,33,3,6,1,0,0,3,9,0,12,1,0,0,1,1,0,0,.231,.315,.381,.697,13,16,R,T.Chatwood (51)
61,61,Jun 8,,MIL,L4-12,38,33,4,8,1,1,1,4,2,0,11,1,0,2,0,0,0,0,.232,.315,.382,.697,7,15,R,J.Chacin (53)
62,62,Jun 9,,MIL,L3-12,36,31,3,6,1,0,1,3,3,0,8,1,1,0,0,1,0,0,.231,.315,.381,.696,6,16,L,B.Suter (51)
63,63,Jun 10,,MIL,W4-3,34,28,4,4,1,0,0,4,4,0,6,0,1,1,1,0,1,0,.230,.314,.378,.692,6,14,R,B.Woodruff (59)
64,64,Jun 12,,COL,W5-4,33,27,5,4,0,0,1,5,5,0,12,0,0,1,0,0,2,0,.229,.313,.377,.690,4,15,R,J.Gray (56)
65,65,Jun 13,,COL,L2-7,35,34,2,7,2,0,2,2,1,0,9,0,0,0,0,0,0,0,.228,.312,.378,.690,6,14,L,T.Anderson (67)
66,66,Jun 14,,COL,W9-3,39,36,9,13,3,1,2,8,3,0,8,0,0,0,0,1,0,0,.231,.313,.383,.696,6,14,R,G.Marquez (40)
67,67,Jun 15,@,MIL,L2-13,35,32,2,8,1,0,1,2,2,0,6,1,0,0,0,2,0,0,.231,.313,.383,.696,6,15,L,B.Suter (63)
68,68,Jun 16,@,MIL,W4-1,46,36,4,9,2,0,2,4,10,1,14,0,0,0,0,0,1,0,.231,.315,.384,.699,15,16,R,J.Guerra (52)
69,69,Jun 17,@,MIL,W10-9,43,37,10,12,3,0,3,10,5,1,9,1,0,0,0,1,0,0,.233,.317,.388,.705,6,19,R,C.Anderson (37)
70,70,Jun 18,,STL,W6-5,42,37,6,8,2,0,1,6,5,1,8,0,0,0,1,1,0,0,.232,.317,.388,.704,7,16,R,M.Mikolas (41)
71,71,Jun 19,,STL,L6-7,42,34,6,9,1,0,2,6,5,0,9,1,2,0,1,1,0,0,.233,.318,.389,.706,9,15,R,L.Weaver (39)
72,72,Jun 20,,STL,W4-3,36,33,4,9,2,0,2,4,2,0,10,0,0,1,1,0,0,0,.233,.317,.391,.708,8,15,R,M.Wacha (41)
73,73,Jun 22,@,WSN,W12-2,49,41,12,15,1,0,3,11,8,0,13,0,0,0,0,1,0,0,.236,.320,.394,.714,10,14,R,T.Roark (28)
74,74,Jun 23,@,WSN,W5-3,38,33,5,10,2,0,1,5,4,1,7,0,0,1,0,2,2,0,.237,.321,.395,.716,6,14,R,E.Fedde (45)
75,75,Jun 24,@,WSN,L6-8,39,34,6,9,1,1,2,6,4,1,5,1,0,0,0,1,3,1,.237,.321,.397,.718,6,18,R,J.Rodriguez (36)
76,76,Jun 25,,NYY,L2-4,35,30,2,3,0,0,1,2,5,0,15,0,0,0,0,0,2,0,.235,.320,.395,.715,6,15,R,J.Loaisiga (72)
77,77,Jun 26,,NYY,L0-6,33,32,0,6,1,0,0,0,1,0,10,0,0,0,0,1,0,0,.235,.319,.392,.711,6,14,R,L.Severino (74)
78,78,Jun 27,,NYY,W3-0,34,31,3,8,2,0,1,3,2,0,10,0,1,0,0,0,0,0,.235,.319,.393,.712,7,10,R,L.Cessa (37)
79,79,Jun 28,,WSN,W4-3,36,29,4,9,3,0,1,3,3,1,6,2,1,1,0,1,0,1,.236,.320,.394,.714,8,13,R,T.Roark (54)
80,80,Jun 29,,WSN,L7-17,40,35,7,10,3,0,3,6,5,0,6,0,0,0,0,2,0,0,.237,.320,.397,.718,6,17,R,E.Fedde (31)
81,81,Jun 30,,WSN,W3-2,34,31,3,7,3,1,1,3,3,0,8,0,0,0,0,0,0,0,.236,.320,.398,.718,7,17,R,J.Hellickson (40)
82,82,Jul 1,,WSN,W4-3,49,42,4,7,0,0,1,4,6,0,12,0,0,1,0,1,1,0,.235,.319,.396,.715,8,21,L,G.Gonzalez (49)
83,83,Jul 3,,BAL,W3-2,35,29,3,5,2,1,0,3,4,1,6,1,1,0,1,0,0,0,.235,.319,.395,.714,8,12,R,A.Cobb (56)
84,84,Jul 4,,BAL,W4-1,30,27,4,3,1,0,1,3,3,0,7,0,0,0,1,0,0,1,.233,.318,.394,.711,2,11,R,Y.Ramirez (61)
85,85,Jul 6,@,PIT,W17-5,57,44,17,18,5,0,2,17,10,0,12,2,0,1,1,1,0,0,.236,.322,.398,.719,13,19,R,T.Williams (25)
86,86,Jul 7,@,PIT,W3-2,36,34,3,9,2,1,0,3,2,1,8,0,0,0,0,1,0,0,.237,.321,.397,.719,6,14,R,J.Taillon (58)
87,87,Jul 8,@,PIT,L1-4,34,30,1,4,0,0,1,1,1,0,12,2,1,0,0,0,0,0,.235,.320,.396,.716,6,13,R,N.Kingham (64)
88,88,Jul 9 (1),@,NYM,L3-4,45,38,3,10,0,0,1,3,7,0,13,0,0,0,0,2,2,0,.236,.321,.395,.716,12,16,R,Z.Wheeler (43)
89,89,Jul 9 (2),@,NYM,W3-1,33,29,3,2,1,0,0,3,4,1,11,0,0,0,0,0,0,0,.234,.320,.392,.712,3,12,R,C.Oswalt (62)
90,90,Jul 10,@,NYM,W7-3,41,35,7,13,1,0,2,7,2,0,8,2,2,0,0,1,0,1,.236,.321,.394,.715,7,13,R,D.Gagnon (28)
91,91,Jul 11,@,NYM,L0-3,37,35,0,6,1,0,0,0,2,0,7,0,0,0,0,0,1,0,.235,.320,.392,.712,7,16,R,J.deGrom (78)
92,92,Jul 12,@,BAL,W5-4,42,40,5,14,2,0,1,5,1,0,3,1,0,0,2,3,0,0,.237,.321,.393,.714,10,9,R,K.Gausman (24)
93,93,Jul 13,@,MIA,W2-0,36,34,2,8,1,0,1,2,2,0,12,0,0,0,0,0,0,0,.237,.320,.393,.713,7,14,L,W.Chen (65)
94,94,Jul 14,@,MIA,L0-2,36,33,0,8,1,0,0,0,2,0,5,0,1,0,0,1,0,0,.237,.320,.391,.711,9,14,R,T.Richards (66)
95,95,Jul 15,@,MIA,L5-10,36,31,5,4,1,1,0,5,5,0,10,0,0,0,0,0,0,0,.236,.319,.390,.709,4,17,R,J.Urena (34)
96,96,Jul 20,,SDP,W11-5,38,34,11,12,1,0,1,10,4,0,8,0,0,0,0,0,0,1,.237,.320,.391,.711,3,17,L,C.Richard (22)
97,97,Jul 22 (1),,SDP,L2-10,40,34,2,6,1,0,1,2,4,0,11,2,0,0,1,0,0,0,.236,.320,.390,.710,11,15,R,T.Ross (51)
98,98,Jul 22 (2),,SDP,W5-0,36,32,5,8,1,0,2,5,3,0,9,1,0,0,0,0,0,0,.236,.320,.390,.711,7,14,R,L.Perdomo (55)
99,99,Jul 23,,LAD,L6-7,35,35,6,8,1,0,4,6,0,0,12,0,0,0,0,0,0,0,.236,.319,.393,.712,2,18,R,R.Stripling (36)
100,100,Jul 24,,LAD,W7-4,63,57,7,11,3,0,3,7,6,1,17,0,0,0,0,0,0,0,.235,.318,.393,.711,10,22,R,K.Maeda (56)
101,101,Jul 25,,LAD,W7-3,34,31,7,7,1,1,2,7,3,1,10,0,0,0,0,0,0,0,.235,.318,.394,.712,3,13,R,W.Buehler (38)
102,102,Jul 26,@,CIN,W9-4,45,43,9,18,3,0,7,9,2,1,9,0,0,0,0,0,0,0,.238,.320,.401,.721,9,16,R,T.Mahle (31)
103,103,Jul 27,@,CIN,L4-6,38,34,4,7,0,0,1,4,3,0,10,0,1,0,1,0,0,0,.237,.319,.400,.720,7,13,R,A.DeSclafani (46)
104,104,Jul 28,@,CIN,L2-6,32,29,2,4,1,0,1,2,2,0,7,1,0,0,0,2,0,0,.237,.318,.399,.718,3,13,R,M.Harvey (58)
105,105,Jul 29,@,CIN,L0-4,35,34,0,8,1,0,0,0,1,0,14,0,0,0,0,1,0,0,.237,.318,.398,.716,8,14,R,L.Castillo (77)
106,106,Jul 30,@,BOS,L1-2,52,47,1,10,4,0,0,1,5,0,10,0,0,0,0,0,0,1,.236,.318,.397,.714,12,10,L,D.Price (66)
107,107,Jul 31,@,BOS,W3-1,43,34,3,10,3,0,0,3,6,0,8,2,0,1,0,0,0,1,.237,.319,.396,.715,13,9,L,D.Pomeranz (50)
108,108,Aug 2,,MIA,W5-2,34,31,5,7,0,0,2,5,3,0,8,0,0,0,0,1,0,0,.237,.318,.397,.715,3,14,R,P.Lopez (63)
109,109,Aug 3,,MIA,W5-1,38,33,5,9,3,0,0,4,5,1,10,0,0,0,1,1,0,0,.237,.319,.396,.715,9,15,R,T.Richards (60)
110,110,Aug 4,,MIA,W8-3,37,34,8,11,0,0,4,8,2,0,7,0,1,0,0,0,1,0,.238,.319,.399,.718,5,11,R,J.Urena (28)
111,111,Aug 5,,MIA,W5-3,35,28,5,6,0,0,1,5,6,0,9,1,0,0,0,1,0,0,.238,.320,.398,.718,6,15,R,D.Straily (60)
112,112,Aug 6,@,ARI,L2-3,53,45,2,7,0,1,0,2,4,2,14,2,1,1,0,1,1,0,.237,.319,.396,.715,9,19,R,Z.Godley (66)
113,113,Aug 7,@,ARI,W5-2,40,33,5,6,1,0,1,4,7,0,5,0,0,0,1,0,0,0,.236,.319,.395,.714,8,15,R,Z.Greinke (67)
114,114,Aug 8,@,ARI,L0-6,30,29,0,4,1,0,0,0,1,0,10,0,0,0,0,1,0,1,.235,.318,.393,.711,3,14,L,P.Corbin (79)
115,115,Aug 10,@,SDP,L0-2,37,34,0,8,0,0,0,0,3,0,8,0,0,0,0,1,0,0,.235,.318,.392,.710,10,14,R,J.Nix (66)
116,116,Aug 11,@,SDP,W5-1,37,34,5,7,1,1,2,5,3,0,10,0,0,0,0,0,0,0,.235,.317,.393,.710,5,14,R,W.Lockett (33)
117,117,Aug 12,@,SDP,L3-9,36,31,3,6,2,0,0,2,5,0,10,0,0,0,0,1,0,0,.235,.317,.392,.709,6,16,L,J.Lucchesi (71)
118,118,Aug 14,,BOS,L1-2,30,29,1,2,0,0,1,1,1,0,13,0,0,0,0,0,1,0,.234,.316,.390,.706,2,15,R,R.Porcello (79)
119,119,Aug 15,,BOS,W7-4,39,36,7,12,2,1,0,7,2,0,8,0,0,1,1,0,0,0,.235,.316,.391,.707,8,20,R,N.Eovaldi (50)
120,120,Aug 16 (1),,NYM,L4-24,38,37,4,10,1,0,4,4,1,0,4,0,0,0,0,0,0,0,.235,.316,.393,.709,7,13,R,C.Oswalt (39)
121,121,Aug 16 (2),,NYM,W9-6,39,37,9,14,4,0,2,8,1,0,6,1,0,0,1,0,4,0,.236,.317,.395,.712,6,14,L,S.Matz (27)
122,122,Aug 17,,NYM,W4-2,35,30,4,8,1,1,0,3,4,0,7,1,0,0,0,2,5,0,.236,.317,.395,.712,7,13,R,N.Syndergaard (40)
123,123,Aug 18,,NYM,L1-3,32,32,1,7,2,0,0,0,0,0,9,0,0,0,0,1,1,0,.236,.316,.394,.710,4,15,R,J.deGrom (80)
124,124,Aug 19,,NYM,L2-8,35,34,2,8,2,0,1,2,0,0,7,0,1,0,0,0,0,0,.236,.316,.394,.710,6,17,L,J.Vargas (51)
125,125,Aug 21,@,WSN,L4-10,39,35,4,8,1,0,1,4,3,0,5,0,1,0,1,0,0,0,.236,.316,.393,.709,8,17,R,T.Roark (58)
126,126,Aug 22,@,WSN,L7-8,40,38,7,11,3,0,3,7,2,0,10,0,0,0,1,1,0,0,.237,.316,.395,.711,6,15,R,S.Strasburg (32)
127,127,Aug 23,@,WSN,W2-0,33,28,2,3,0,0,1,2,4,0,13,0,1,0,0,0,0,1,.236,.315,.394,.709,4,11,R,M.Scherzer (71)
128,128,Aug 24,@,TOR,L2-4,38,35,2,10,0,0,1,2,2,0,9,0,0,1,0,0,2,0,.236,.315,.394,.709,9,10,L,R.Borucki (55)
129,129,Aug 25,@,TOR,L6-8,41,38,6,13,5,0,0,6,2,0,7,0,0,1,0,0,0,1,.237,.315,.395,.710,8,9,R,A.Sanchez (18)
130,130,Aug 26,@,TOR,W8-3,46,38,8,14,3,0,4,8,7,0,4,0,0,1,0,2,0,0,.238,.317,.398,.715,11,9,R,M.Estrada (20)
131,131,Aug 27,,WSN,L3-5,35,31,3,6,0,1,1,3,3,0,8,0,1,0,0,0,0,0,.238,.316,.398,.714,5,13,R,S.Strasburg (56)
132,132,Aug 28,,WSN,L4-5,35,33,4,7,2,0,2,4,1,0,10,1,0,0,0,0,0,0,.238,.316,.398,.714,4,16,R,M.Scherzer (52)
133,133,Aug 29,,WSN,W8-6,40,33,8,9,1,1,1,8,5,0,11,2,0,0,0,0,2,0,.238,.317,.398,.715,8,18,L,G.Gonzalez (34)
134,134,Aug 31,,CHC,W2-1,33,32,2,5,1,0,1,2,1,0,9,0,0,0,0,0,0,0,.237,.316,.398,.713,3,16,L,J.Quintana (68)
135,135,Sep 1,,CHC,L1-7,34,32,1,6,1,0,0,1,2,0,7,0,0,0,0,1,0,0,.237,.315,.396,.712,6,14,R,K.Hendricks (58)
136,136,Sep 2,,CHC,L1-8,36,36,1,10,3,0,0,1,0,0,12,0,0,0,0,0,0,0,.237,.315,.396,.711,8,17,L,J.Lester (63)
137,137,Sep 3,@,MIA,L1-3,30,30,1,4,0,0,1,1,0,0,9,0,0,0,0,1,0,0,.237,.314,.395,.709,2,17,R,J.Urena (72)
138,138,Sep 4,@,MIA,W9-4,48,36,9,9,1,2,2,9,10,2,5,2,0,0,0,0,0,0,.237,.315,.396,.711,12,13,R,T.Richards (20)
139,139,Sep 5,@,MIA,L1-2,36,31,1,6,2,0,0,1,3,0,9,2,0,0,0,1,1,0,.237,.315,.395,.710,8,16,R,S.Alcantara (75)
140,140,Sep 7,@,NYM,W4-3,35,33,4,7,2,0,2,4,2,0,13,0,0,0,0,0,0,1,.236,.315,.396,.710,4,15,L,S.Matz (59)
141,141,Sep 8,@,NYM,L5-10,44,37,5,14,2,0,1,5,6,1,5,0,0,1,0,2,1,0,.237,.316,.397,.712,12,22,R,N.Syndergaard (33)
142,142,Sep 9,@,NYM,L4-6,38,31,4,7,0,0,2,4,3,0,10,1,2,1,0,0,0,0,.237,.316,.397,.712,7,18,R,C.Oswalt (44)
143,143,Sep 11 (1),,WSN,L1-3,35,31,1,5,2,0,0,1,4,0,15,0,0,0,0,1,1,0,.237,.315,.396,.711,7,23,R,E.Fedde (72)
144,144,Sep 11 (2),,WSN,L6-7,46,40,6,13,5,0,1,6,5,1,6,1,0,0,0,2,0,0,.238,.316,.397,.713,10,24,R,T.Roark (26)
145,145,Sep 12,,WSN,L1-5,34,32,1,5,1,0,1,1,1,0,10,1,0,0,0,0,0,0,.237,.315,.396,.711,6,16,R,S.Strasburg (72)
146,146,Sep 14,,MIA,W14-2,44,40,14,18,3,0,5,14,4,0,8,0,0,0,0,0,0,1,.239,.317,.400,.717,6,13,L,W.Chen (30)
147,147,Sep 15,,MIA,W5-4,33,29,5,4,1,0,1,5,3,0,10,1,0,0,1,0,0,0,.238,.316,.399,.716,4,21,L,J.Garcia (53)
148,148,Sep 16,,MIA,L4-6,38,36,4,7,3,0,1,3,1,0,10,1,0,0,2,1,1,0,.238,.316,.399,.715,7,17,R,J.Urena (60)
149,149,Sep 17,,NYM,L4-9,36,29,4,5,0,1,0,4,3,0,5,3,0,1,0,2,0,0,.238,.316,.398,.714,5,22,R,Z.Wheeler (56)
150,150,Sep 18,,NYM,W5-2,38,30,5,7,1,0,1,5,6,0,9,2,0,0,0,0,2,0,.238,.316,.398,.714,9,18,L,S.Matz (62)
151,151,Sep 19,,NYM,W4-0,37,32,4,7,2,0,2,4,5,0,10,0,0,0,1,0,2,0,.237,.316,.398,.715,9,18,R,N.Syndergaard (45)
152,152,Sep 20,@,ATL,L3-8,34,32,3,6,0,0,0,3,2,0,10,0,0,0,0,0,0,1,.237,.316,.397,.713,4,19,R,K.Gausman (56)
153,153,Sep 21,@,ATL,L5-6,36,33,5,7,1,2,1,5,3,1,7,0,0,0,0,0,0,1,.237,.316,.397,.713,4,21,R,J.Teheran (49)
154,154,Sep 22,@,ATL,L3-5,34,30,3,4,0,0,0,3,4,0,6,0,0,0,0,1,0,0,.236,.315,.396,.711,4,21,R,M.Foltynewicz (68)
155,155,Sep 23,@,ATL,L1-2,36,32,1,6,0,0,1,1,3,0,4,1,0,0,0,0,1,0,.236,.315,.395,.710,8,17,R,A.Sanchez (56)
156,156,Sep 24,@,COL,L1-10,32,29,1,5,0,1,1,1,3,0,10,0,0,0,0,2,0,0,.236,.315,.395,.710,4,20,R,J.Gray (69)
157,157,Sep 25,@,COL,L3-10,41,36,3,9,3,0,0,2,5,0,8,0,0,0,2,2,0,0,.236,.315,.395,.709,11,17,R,C.Bettis (50)
158,158,Sep 26,@,COL,L0-14,32,30,0,4,1,0,0,0,2,0,14,0,0,0,1,1,0,0,.235,.314,.393,.707,5,15,R,G.Marquez (81)
159,159,Sep 27,@,COL,L3-5,40,35,3,8,3,0,2,3,4,0,14,1,0,0,0,0,1,0,.235,.314,.394,.708,10,17,R,A.Senzatela (51)
160,160,Sep 28,,ATL,L2-10,36,31,2,4,2,0,1,2,4,0,14,1,0,0,0,0,0,0,.235,.314,.393,.707,7,19,R,M.Foltynewicz (70)
161,161,Sep 29,,ATL,W3-0,35,26,3,5,1,0,0,3,7,1,10,0,2,0,0,0,1,1,.234,.314,.392,.707,8,15,R,A.Sanchez (70)
162,162,Sep 30,,ATL,W3-1,35,30,3,6,1,1,1,3,4,0,11,0,0,1,1,0,2,0,.234,.314,.393,.707,8,20,R,K.Gausman (50)