Rk,Gtm,Date,,Opp,Rslt,PA,AB,R,H,2B,3B,HR,RBI,BB,IBB,SO,HBP,SH,SF,ROE,GDP,SB,CS,BA,OBP,SLG,OPS,LOB,#,Thr,Opp. Starter (GmeSc)
1,1,Mar 30,@,DET,W13-10,58,52,13,17,3,1,1,11,4,0,10,0,0,1,0,0,1,2,.327,.368,.481,.849,6,9,R,J.Zimmermann (51)
2,2,Apr 1 (1),@,DET,W1-0,32,28,1,6,3,0,0,1,3,0,4,1,0,0,0,2,0,1,.288,.348,.425,.773,4,9,R,M.Fulmer (71)
3,3,Apr 1 (2),@,DET,W8-6,39,36,8,10,1,0,3,7,2,0,10,0,0,1,0,0,1,1,.284,.336,.466,.801,4,9,L,R.Carpenter (39)
4,4,Apr 2,,MIN,W5-4,39,27,5,5,1,0,1,5,11,1,6,0,1,0,0,1,0,0,.266,.355,.441,.796,10,17,R,L.Lynn (33)
5,5,Apr 4,,MIN,L3-7,38,34,3,8,1,0,1,3,4,0,6,0,0,0,0,0,1,0,.260,.348,.424,.772,8,14,R,J.Odorizzi (40)
6,6,Apr 5,,CIN,W5-2,38,33,5,9,3,1,1,4,4,1,4,0,0,1,1,0,0,0,.262,.347,.438,.785,9,15,R,H.Bailey (31)
7,7,Apr 6,,CIN,W14-3,45,38,14,15,6,1,0,13,6,0,5,1,0,0,1,0,2,0,.282,.369,.464,.833,7,14,R,L.Castillo (39)
8,8,Apr 7,,CIN,L4-7,36,33,4,8,1,0,0,4,1,0,5,0,1,1,1,0,0,1,.278,.357,.441,.798,5,15,R,S.Romano (37)
9,9,Apr 8,,CIN,W5-0,35,33,5,11,2,0,2,5,2,0,4,0,0,0,0,0,0,0,.283,.359,.455,.814,6,9,R,T.Mahle (27)
10,10,Apr 10,@,CHC,W8-5,41,39,8,12,2,0,2,8,2,0,9,0,0,0,0,0,0,0,.286,.357,.462,.819,6,12,R,T.Chatwood (35)
11,11,Apr 11,@,CHC,L5-13,37,34,5,8,1,0,2,5,3,0,6,0,0,0,0,1,1,0,.282,.352,.460,.812,5,14,L,J.Lester (37)
12,12,Apr 12,@,CHC,W6-1,44,37,6,9,2,1,4,6,7,3,10,0,0,0,1,0,1,0,.278,.353,.479,.832,11,14,R,K.Hendricks (58)
13,13,Apr 13,@,MIA,L2-7,33,29,2,5,1,0,1,2,3,0,8,0,1,0,0,1,1,1,.272,.346,.468,.814,4,12,L,D.Peters (57)
14,14,Apr 14,@,MIA,W1-0,33,30,1,5,1,0,0,1,2,1,4,1,0,0,0,1,0,1,.265,.340,.451,.791,5,13,R,T.Richards (74)
15,15,Apr 15,@,MIA,W7-3,42,37,7,13,1,0,1,7,1,0,11,2,0,2,0,0,0,0,.271,.343,.452,.795,8,15,R,J.Urena (39)
16,16,Apr 16,,COL,L2-6,32,29,2,4,0,2,0,2,2,0,10,0,0,1,0,1,1,0,.264,.335,.443,.778,3,13,R,G.Marquez (64)
17,17,Apr 17,,COL,L0-2,32,30,0,5,1,0,0,0,2,0,4,0,0,0,0,1,0,0,.259,.329,.430,.759,5,12,R,C.Bettis (69)
18,18,Apr 18,,COL,W10-2,41,36,10,13,5,0,1,10,4,0,8,0,0,1,0,0,0,0,.265,.334,.439,.773,7,12,L,K.Freeland (30)
19,19,Apr 19,@,PHI,L0-7,31,29,0,2,0,0,0,0,2,0,13,0,0,0,0,0,0,0,.256,.325,.422,.748,4,13,R,J.Arrieta (83)
20,20,Apr 20,@,PHI,L1-2,37,32,1,6,3,0,0,1,3,0,7,1,0,1,0,0,1,0,.253,.323,.416,.738,9,13,R,B.Lively (59)
21,21,Apr 21,@,PHI,L2-6,34,34,2,8,0,0,1,2,0,0,11,0,0,0,0,1,0,0,.252,.319,.411,.730,5,15,R,A.Nola (66)
22,22,Apr 22,@,PHI,L2-3,44,40,2,7,1,1,1,2,4,2,11,0,0,0,2,0,1,0,.248,.315,.407,.722,9,17,R,N.Pivetta (60)
23,23,Apr 25 (1),,DET,L10-13,46,42,10,14,2,0,2,10,4,0,6,0,0,0,1,0,0,0,.253,.319,.413,.732,9,17,R,J.Zimmermann (32)
24,24,Apr 25 (2),,DET,W8-3,45,38,8,15,2,0,1,7,6,1,7,0,1,0,0,0,0,0,.259,.327,.418,.745,13,15,L,M.Boyd (31)
25,25,Apr 26,,DET,W1-0,32,30,1,6,3,0,1,1,2,1,11,0,0,0,0,1,1,0,.257,.324,.417,.742,6,11,R,M.Fulmer (72)
26,26,Apr 27,,STL,W6-5,48,42,6,11,2,0,1,5,4,1,11,1,0,1,1,1,0,0,.257,.325,.416,.740,10,19,R,M.Mikolas (64)
27,27,Apr 28,,STL,W6-2,39,29,6,9,1,0,1,5,7,1,3,1,0,2,1,3,0,0,.259,.329,.417,.746,9,15,R,J.Flaherty (45)
28,28,Apr 29,,STL,W5-0,38,34,5,10,0,0,0,5,3,0,8,1,0,0,0,0,0,0,.260,.330,.412,.743,9,13,R,L.Weaver (44)
29,29,Apr 30,@,WSN,L2-3,32,30,2,6,1,0,1,2,2,0,4,0,0,0,0,2,0,1,.258,.328,.410,.738,3,12,R,T.Roark (59)
30,30,May 1,@,WSN,L4-12,38,35,4,8,4,0,2,4,3,0,11,0,0,0,0,0,0,0,.257,.327,.414,.740,7,14,R,M.Scherzer (65)
31,31,May 2,@,WSN,L3-9,37,35,3,9,1,0,1,3,2,0,12,0,0,0,1,1,1,1,.257,.326,.412,.738,7,12,R,S.Strasburg (63)
32,32,May 3,@,WSN,L1-3,33,32,1,5,1,0,0,1,0,0,5,1,0,0,1,1,0,0,.254,.322,.406,.728,5,13,R,J.Hellickson (67)
33,33,May 4,@,MIL,W6-4,41,34,6,9,0,0,3,6,6,0,5,1,0,0,0,1,0,0,.255,.324,.409,.733,8,15,R,J.Guerra (35)
34,34,May 5,@,MIL,L3-5,35,30,3,4,0,0,1,3,4,0,9,0,0,1,0,0,1,0,.252,.322,.405,.726,5,17,R,J.Chacin (64)
35,35,May 6,@,MIL,W9-0,44,39,9,13,1,1,3,8,4,0,9,0,0,1,0,0,0,0,.254,.324,.413,.736,8,12,R,C.Anderson (39)
36,36,May 8,@,CHW,W10-6,45,40,10,16,3,1,0,10,4,0,6,1,0,0,0,0,1,1,.259,.328,.416,.744,8,10,R,L.Giolito (33)
37,37,May 9,@,CHW,W6-5,36,34,6,7,1,0,3,6,2,0,9,0,0,0,0,0,0,0,.257,.326,.418,.745,3,11,R,R.Lopez (68)
38,38,May 11,,SFG,W11-2,40,36,11,15,3,1,4,11,3,0,9,0,1,0,0,0,0,1,.262,.330,.431,.761,5,18,L,A.Suarez (31)
39,39,May 12,,SFG,W6-5,37,29,6,8,1,0,2,6,4,1,9,2,1,1,0,0,2,1,.262,.331,.433,.764,7,16,R,J.Samardzija (40)
40,40,May 13,,SFG,L0-5,38,33,0,7,4,0,0,0,5,1,11,0,0,0,0,1,0,0,.261,.331,.431,.762,11,13,L,D.Holland (67)
41,41,May 15,,CHW,W7-0,39,34,7,10,5,1,1,7,3,0,8,2,0,0,0,0,0,0,.262,.332,.435,.767,8,14,R,R.Lopez (16)
42,42,May 16,,CHW,W3-2,34,27,3,4,2,0,0,3,6,0,7,1,0,0,1,1,0,0,.260,.332,.431,.763,7,14,L,H.Santiago (54)
43,43,May 17,,SDP,W5-4,37,32,5,9,4,0,0,4,3,0,6,0,1,1,1,0,0,0,.260,.332,.430,.762,8,14,L,E.Lauer (36)
44,44,May 18,,SDP,L2-3,42,34,2,8,3,0,0,2,6,1,6,2,0,0,0,1,2,0,.260,.333,.428,.761,13,14,R,T.Ross (52)
45,45,May 19,,SDP,L2-6,33,33,2,8,2,1,0,2,0,0,3,0,0,0,0,2,0,0,.259,.332,.426,.758,4,13,L,C.Richard (58)
46,46,May 20,,SDP,L5-8,44,36,5,10,1,0,2,5,5,0,5,1,0,2,0,0,0,0,.260,.332,.427,.760,12,17,R,J.Lyles (41)
47,47,May 22,@,CIN,L2-7,37,32,2,6,0,0,2,2,5,0,6,0,0,0,0,1,0,0,.258,.332,.426,.758,8,13,R,M.Harvey (65)
48,48,May 23,@,CIN,W5-4,56,50,5,15,2,1,1,5,6,0,7,0,0,0,0,1,0,0,.259,.333,.427,.760,15,18,R,H.Bailey (31)
49,49,May 24,@,CIN,L4-5,35,33,4,7,1,0,2,4,2,0,10,0,0,0,0,1,0,0,.258,.332,.427,.758,4,14,R,L.Castillo (59)
50,50,May 25,,STL,W8-1,38,35,8,12,2,3,0,8,1,0,9,1,0,1,0,0,1,0,.260,.332,.430,.762,6,13,R,J.Gant (55)
51,51,May 26,,STL,L1-4,34,32,1,6,1,0,1,1,2,0,6,0,0,0,0,1,0,0,.259,.331,.427,.758,6,15,R,J.Flaherty (62)
52,52,May 27,,STL,L4-6,33,31,4,5,0,1,0,4,1,0,7,0,0,1,0,0,1,0,.257,.328,.424,.752,2,15,R,M.Mikolas (50)
53,53,May 28,,CHC,L0-7,28,28,0,2,0,0,0,0,0,0,7,0,0,0,0,1,0,0,.254,.325,.418,.743,1,14,L,M.Montgomery (70)
54,54,May 29,,CHC,L6-8,41,40,6,13,4,0,2,6,0,0,8,1,0,0,0,0,0,0,.256,.325,.422,.747,8,17,L,J.Lester (46)
55,55,May 30,,CHC,W2-1,34,29,2,9,0,1,1,2,3,1,3,0,1,1,0,1,0,0,.257,.326,.423,.748,8,12,R,K.Hendricks (45)
56,56,May 31,@,STL,L8-10,42,37,8,12,2,0,2,8,3,0,8,1,1,0,0,1,0,0,.258,.327,.425,.752,7,15,R,J.Flaherty (44)
57,57,Jun 1,@,STL,W4-0,39,34,4,9,3,2,0,4,2,0,6,1,0,2,1,0,0,0,.258,.326,.426,.752,8,12,R,M.Mikolas (55)
58,58,Jun 2,@,STL,L2-3,32,30,2,5,0,0,2,2,1,0,9,0,1,0,0,1,0,0,.257,.325,.425,.750,3,14,R,L.Weaver (59)
59,59,Jun 3,@,STL,L0-5,31,29,0,2,0,0,0,0,2,0,10,0,0,0,0,0,0,0,.254,.322,.420,.742,4,14,R,M.Wacha (86)
60,60,Jun 5,,LAD,L0-5,34,33,0,7,0,0,0,0,1,0,8,0,0,0,1,0,0,1,.253,.321,.416,.737,7,14,R,R.Stripling (66)
61,61,Jun 6,,LAD,W11-9,45,32,11,10,3,0,0,10,10,1,5,3,0,0,1,1,2,0,.254,.324,.416,.741,10,17,L,C.Ferguson (35)
62,62,Jun 7,,LAD,L7-8,40,34,7,9,1,0,2,7,2,0,8,1,1,2,1,0,1,0,.254,.324,.417,.741,6,15,R,D.Hudson (54)
63,63,Jun 8,@,CHC,L1-3,37,33,1,9,2,0,0,1,2,0,4,1,0,1,0,1,0,1,.255,.324,.416,.740,9,13,L,M.Montgomery (54)
64,64,Jun 9,@,CHC,L0-2,30,28,0,1,0,1,0,0,2,0,8,0,0,0,0,0,0,0,.252,.321,.412,.733,3,13,L,J.Lester (78)
65,65,Jun 10,@,CHC,W7-1,41,35,7,9,1,1,1,7,6,0,8,0,0,0,0,1,1,0,.252,.322,.412,.734,7,13,R,K.Hendricks (59)
66,66,Jun 11,@,ARI,L5-9,39,33,5,9,3,0,0,5,4,1,6,2,0,0,0,2,0,0,.252,.323,.411,.734,7,14,L,P.Corbin (36)
67,67,Jun 12,@,ARI,L8-13,43,36,8,12,6,0,1,8,4,0,7,1,0,1,0,2,0,0,.254,.324,.414,.738,8,14,R,C.Buchholz (26)
68,68,Jun 13,@,ARI,W5-4,37,32,5,6,3,0,1,5,5,0,11,0,0,0,0,1,0,0,.253,.324,.414,.738,5,12,R,Z.Greinke (37)
69,69,Jun 15,,CIN,W3-2,32,26,3,6,0,0,0,2,3,0,4,1,0,2,0,1,0,1,.252,.324,.412,.735,5,14,R,M.Harvey (47)
70,70,Jun 16,,CIN,W6-2,36,32,6,10,4,0,3,6,3,1,3,0,1,0,0,0,0,0,.253,.324,.416,.740,6,13,R,L.Castillo (43)
71,71,Jun 17,,CIN,L6-8,39,37,6,11,1,0,2,6,2,0,9,0,0,0,0,0,0,0,.254,.325,.417,.741,6,16,R,A.DeSclafani (58)
72,72,Jun 18,,MIL,W1-0,31,28,1,7,1,0,0,1,3,0,4,0,0,0,0,1,0,2,.254,.325,.415,.740,6,12,R,J.Chacin (57)
73,73,Jun 19,,MIL,L2-3,35,33,2,5,1,0,1,2,2,0,13,0,0,0,1,0,0,0,.252,.323,.413,.736,6,14,R,F.Peralta (75)
74,74,Jun 21,,ARI,L3-9,37,32,3,8,1,0,0,3,4,0,6,0,0,1,0,2,0,0,.252,.323,.412,.735,7,16,R,Z.Godley (56)
75,75,Jun 22,,ARI,L1-2,49,42,1,4,0,0,0,0,6,1,17,0,1,0,1,1,1,0,.250,.321,.406,.727,9,18,L,P.Corbin (83)
76,76,Jun 23,,ARI,L2-7,35,34,2,7,0,0,0,2,0,0,8,1,0,0,0,0,1,0,.249,.320,.404,.724,6,14,R,Z.Greinke (75)
77,77,Jun 24,,ARI,L0-3,30,30,0,5,2,0,0,0,0,0,9,0,0,0,0,2,0,0,.248,.318,.402,.720,3,13,R,C.Buchholz (68)
78,78,Jun 25,@,NYM,W6-4,42,35,6,8,1,0,2,6,5,1,7,0,0,2,2,0,2,0,.248,.318,.402,.720,9,15,R,S.Lugo (48)
79,79,Jun 26,@,NYM,L3-4,40,37,3,8,1,0,1,3,2,0,7,1,0,0,0,1,0,0,.248,.318,.401,.719,7,16,L,S.Matz (60)
80,80,Jun 27,@,NYM,W5-3,40,36,5,12,1,0,0,5,2,0,10,0,0,2,0,1,1,0,.249,.318,.401,.719,8,13,R,Z.Wheeler (73)
81,81,Jun 29,@,SDP,W6-3,38,36,6,11,3,0,1,5,0,0,8,1,1,0,1,0,1,0,.249,.318,.402,.720,5,14,L,E.Lauer (34)
82,82,Jun 30,@,SDP,L3-4,37,33,3,7,4,1,0,3,4,0,10,0,0,0,0,1,0,0,.249,.318,.401,.719,7,13,L,J.Lucchesi (66)
83,83,Jul 1,@,SDP,W7-5,39,36,7,9,2,0,3,7,3,0,5,0,0,0,1,1,1,0,.249,.318,.403,.721,5,17,R,T.Ross (22)
84,84,Jul 2,@,LAD,L1-17,33,33,1,9,1,0,1,1,0,0,4,0,0,0,1,1,0,1,.249,.317,.403,.721,5,15,L,A.Wood (59)
85,85,Jul 3,@,LAD,L3-8,31,31,3,5,2,0,1,3,0,0,9,0,0,0,0,1,0,0,.248,.316,.402,.718,1,13,L,C.Kershaw (58)
86,86,Jul 4,@,LAD,L4-6,37,35,4,9,2,0,1,4,2,0,11,0,0,0,0,1,0,0,.248,.316,.402,.718,6,17,L,R.Hill (55)
87,87,Jul 6,,PHI,L5-17,45,39,5,12,3,1,0,5,4,0,8,2,0,0,1,1,4,0,.249,.317,.403,.720,13,19,R,N.Pivetta (40)
88,88,Jul 7,,PHI,L2-3,36,35,2,8,1,0,1,2,1,0,12,0,0,0,0,0,0,0,.249,.316,.402,.718,7,14,R,J.Arrieta (64)
89,89,Jul 8,,PHI,W4-1,35,33,4,9,3,0,0,4,2,0,6,0,0,0,1,1,4,0,.249,.316,.402,.718,7,13,R,D.Anderson (38)
90,90,Jul 9,,WSN,W6-3,37,31,6,8,3,1,1,6,5,1,6,0,1,0,0,0,2,0,.249,.316,.403,.719,7,13,R,J.Rodriguez (27)
91,91,Jul 10,,WSN,L1-5,37,34,1,7,0,0,0,1,3,0,7,0,0,0,0,0,0,0,.249,.316,.401,.717,9,16,R,J.Hellickson (65)
92,92,Jul 11,,WSN,W2-0,31,29,2,7,2,0,1,2,1,0,6,0,1,0,0,0,0,1,.249,.316,.401,.716,5,15,L,G.Gonzalez (55)
93,93,Jul 12,,MIL,W6-3,39,31,6,9,1,0,0,6,8,0,6,0,0,0,1,2,1,0,.249,.317,.400,.717,9,15,L,W.Miley (51)
94,94,Jul 13,,MIL,W7-3,36,33,7,12,4,1,1,6,2,0,7,0,0,1,0,1,1,0,.250,.318,.403,.720,5,12,R,J.Guerra (22)
95,95,Jul 14 (1),,MIL,W2-1,33,30,2,7,0,0,2,2,3,0,8,0,0,0,0,0,0,1,.250,.317,.403,.720,7,14,R,C.Anderson (50)
96,96,Jul 14 (2),,MIL,W6-2,34,32,6,8,1,0,5,6,2,0,8,0,0,0,0,0,0,0,.250,.317,.406,.723,4,13,L,B.Suter (61)
97,97,Jul 15,,MIL,W7-6,42,38,7,10,2,1,1,6,2,0,7,1,1,0,1,1,1,0,.250,.317,.407,.724,6,15,R,J.Chacin (60)
98,98,Jul 20,@,CIN,W12-1,47,41,12,16,1,1,3,11,5,1,4,0,1,0,1,2,0,0,.252,.319,.410,.729,8,14,R,T.Mahle (29)
99,99,Jul 21,@,CIN,W6-2,40,37,6,12,4,0,2,5,2,1,8,0,1,0,0,0,1,0,.253,.319,.412,.732,7,13,R,A.DeSclafani (43)
100,100,Jul 22,@,CIN,W9-2,42,40,9,15,3,0,4,9,0,0,7,0,2,0,0,0,0,0,.254,.320,.416,.736,6,11,R,M.Harvey (15)
101,101,Jul 23,@,CLE,W7-0,28,27,7,10,1,1,1,7,1,0,4,0,0,0,1,2,0,0,.255,.321,.418,.738,3,9,R,C.Kluber (25)
102,102,Jul 24,@,CLE,W9-4,40,39,9,14,1,1,3,9,1,0,8,0,0,0,0,2,0,0,.256,.321,.420,.741,4,10,R,S.Bieber (15)
103,103,Jul 25,@,CLE,L0-4,32,29,0,3,1,0,0,0,2,0,13,1,0,0,1,1,0,1,.255,.320,.418,.738,5,10,R,T.Bauer (81)
104,104,Jul 26,,NYM,L6-12,37,33,6,7,3,1,2,6,4,0,10,0,0,0,1,2,0,0,.255,.320,.419,.739,4,13,L,S.Matz (57)
105,105,Jul 27,,NYM,W5-4,41,33,5,10,0,0,1,5,8,1,6,0,0,0,0,1,0,0,.255,.321,.419,.740,12,15,L,J.Vargas (45)
106,106,Jul 28,,NYM,W5-0,36,34,5,11,3,0,0,5,1,0,6,0,1,0,0,0,2,0,.256,.321,.419,.740,7,14,R,J.deGrom (54)
107,107,Jul 29,,NYM,L0-1,33,32,0,6,0,0,0,0,1,0,10,0,0,0,0,0,2,1,.255,.320,.417,.737,6,12,R,Z.Wheeler (68)
108,108,Jul 31,,CHC,W5-4,33,30,5,8,3,0,2,5,3,0,5,0,0,0,0,1,0,0,.255,.320,.418,.738,4,13,L,J.Lester (37)
109,109,Aug 1,,CHC,L2-9,38,32,2,7,0,0,0,2,4,0,11,1,0,0,1,2,0,1,.255,.320,.416,.737,9,16,L,C.Hamels (66)
110,110,Aug 3,,STL,W7-6,38,34,7,12,2,1,0,7,2,0,8,0,0,2,0,0,0,0,.256,.321,.417,.738,7,17,R,J.Gant (26)
111,111,Aug 4,,STL,L4-8,38,34,4,8,2,0,1,4,4,2,7,0,0,0,0,1,0,0,.256,.321,.417,.737,7,13,L,A.Gomber (34)
112,112,Aug 5,,STL,L1-2,34,30,1,5,1,0,1,1,2,0,11,1,1,0,0,1,0,0,.255,.320,.416,.736,6,17,R,J.Flaherty (72)
113,113,Aug 6,@,COL,L0-2,32,28,0,2,1,0,0,0,3,0,8,1,0,0,0,1,0,0,.254,.319,.413,.733,5,11,L,K.Freeland (75)
114,114,Aug 7,@,COL,W10-2,39,35,10,10,1,0,3,10,2,0,9,0,0,2,0,0,0,0,.254,.319,.415,.734,2,10,R,C.Bettis (13)
115,115,Aug 8,@,COL,W4-3,43,37,4,11,4,0,0,4,5,2,11,0,0,1,1,0,3,0,.254,.320,.415,.734,12,16,R,G.Marquez (48)
116,116,Aug 9,@,SFG,W10-5,42,40,10,14,2,0,3,10,1,0,6,0,0,1,2,1,1,0,.255,.320,.417,.737,5,14,L,A.Suarez (45)
117,117,Aug 10,@,SFG,L10-13,46,44,10,17,3,1,2,10,2,0,8,0,0,0,0,0,0,0,.257,.321,.419,.740,9,17,L,D.Holland (39)
118,118,Aug 11,@,SFG,W4-0,34,30,4,6,0,0,1,4,2,0,8,0,1,1,0,1,0,0,.256,.320,.418,.739,3,12,L,T.Blach (41)
119,119,Aug 12,@,SFG,L3-4,33,31,3,4,3,0,0,3,2,0,8,0,0,0,0,0,0,0,.255,.319,.417,.736,3,13,R,D.Rodriguez (72)
120,120,Aug 14,@,MIN,L2-5,36,33,2,7,2,0,0,2,3,0,12,0,0,0,0,1,0,0,.255,.319,.416,.735,7,10,R,J.Odorizzi (60)
121,121,Aug 15,@,MIN,L4-6,43,38,4,12,1,0,1,3,4,0,8,1,0,0,0,1,0,0,.256,.320,.416,.736,12,10,R,J.Berrios (35)
122,122,Aug 16,,CHC,L0-1,32,31,0,6,0,0,0,0,0,0,10,1,0,0,0,1,0,1,.255,.319,.414,.733,5,14,L,J.Lester (70)
123,123,Aug 17,,CHC,L0-1,31,27,0,7,0,0,0,0,3,0,4,1,0,0,0,6,1,0,.255,.319,.413,.732,4,14,L,C.Hamels (68)
124,124,Aug 18,,CHC,W3-1,34,29,3,8,2,0,0,3,4,0,6,0,0,1,0,2,0,0,.255,.320,.413,.732,7,13,R,T.Chatwood (37)
125,125,Aug 19,,CHC,W2-1,45,38,2,8,4,0,1,2,5,0,7,2,0,0,1,1,0,1,.255,.320,.412,.732,11,16,L,J.Quintana (57)
126,126,Aug 20,,ATL,L0-1,35,31,0,7,2,0,0,0,4,0,8,0,0,0,0,2,1,0,.255,.320,.412,.731,8,17,R,B.Wilson (63)
127,127,Aug 21,,ATL,L1-6,33,31,1,5,1,0,1,1,2,0,7,0,0,0,0,1,0,0,.254,.319,.411,.730,5,13,R,K.Gausman (77)
128,128,Aug 22,,ATL,L1-2,31,29,1,3,1,0,0,1,2,0,7,0,0,0,0,0,0,0,.253,.318,.409,.727,3,15,R,J.Teheran (73)
129,129,Aug 24,@,MIL,L6-7,70,60,6,17,4,0,0,5,7,3,17,1,1,1,1,1,1,0,.253,.319,.408,.727,19,20,L,W.Miley (42)
130,130,Aug 25,@,MIL,W9-1,45,39,9,14,5,1,1,8,6,2,9,0,0,0,0,1,0,1,.254,.320,.410,.730,9,14,R,J.Chacin (47)
131,131,Aug 26,@,MIL,L4-7,35,34,4,8,2,0,2,4,0,0,5,1,0,0,2,0,0,1,.254,.319,.410,.730,4,15,R,C.Anderson (40)
132,132,Aug 28,@,STL,L2-5,32,29,2,6,1,0,0,1,2,0,5,1,0,0,0,3,0,0,.254,.319,.409,.728,3,12,R,J.Flaherty (70)
133,133,Aug 29,@,STL,W2-0,37,35,2,10,2,0,0,2,1,0,7,0,1,0,1,2,0,0,.254,.319,.409,.728,8,14,R,M.Mikolas (47)
134,134,Aug 30,@,STL,L0-5,39,33,0,6,1,0,0,0,6,0,11,0,0,0,1,1,0,0,.254,.319,.407,.726,12,13,R,J.Gant (66)
135,135,Aug 31,@,ATL,W3-2,35,33,3,7,1,0,0,3,2,0,8,0,0,0,2,0,2,2,.253,.318,.406,.724,5,13,R,A.Sanchez (57)
136,136,Sep 1,@,ATL,L3-5,33,32,3,5,1,0,1,3,0,0,6,1,0,0,1,0,1,1,.253,.317,.405,.723,3,13,R,K.Gausman (58)
137,137,Sep 2,@,ATL,L1-5,33,31,1,5,0,0,0,1,2,0,5,0,0,0,1,2,1,0,.252,.317,.404,.720,5,13,R,J.Teheran (68)
138,138,Sep 3,,CIN,W5-1,33,33,5,9,1,0,2,5,0,0,6,0,0,0,1,1,0,0,.252,.317,.404,.721,4,13,R,M.Harvey (49)
139,139,Sep 4,,CIN,W7-3,36,33,7,12,3,0,1,7,1,0,5,0,1,1,0,0,2,0,.253,.317,.405,.722,5,13,L,C.Reed (26)
140,140,Sep 5,,CIN,W3-2,32,28,3,6,1,0,0,3,2,0,5,2,0,0,0,1,1,0,.253,.317,.404,.721,5,13,R,H.Bailey (46)
141,141,Sep 7,,MIA,W5-3,34,33,5,9,4,0,2,5,1,0,8,0,0,0,0,0,1,0,.253,.317,.405,.722,5,16,R,D.Straily (52)
142,142,Sep 8,,MIA,W5-1,35,31,5,9,4,0,1,4,3,0,9,1,0,0,0,1,0,0,.253,.317,.406,.723,6,13,L,W.Chen (44)
143,143,Sep 10,@,STL,L7-8,40,39,7,13,1,0,3,7,1,0,8,0,0,0,0,1,0,0,.254,.317,.408,.725,6,16,R,A.Wainwright (40)
144,144,Sep 11,@,STL,L5-11,38,36,5,10,5,0,0,5,2,0,8,0,0,0,0,1,0,0,.254,.317,.408,.725,6,17,R,M.Mikolas (69)
145,145,Sep 12,@,STL,W4-3,38,34,4,10,0,0,0,4,2,0,12,0,1,1,0,1,0,0,.254,.317,.407,.724,7,11,R,D.Ponce de Leon (55)
146,146,Sep 14,@,MIL,L4-7,40,33,4,7,3,1,1,4,5,0,10,1,0,1,0,0,1,0,.254,.317,.407,.725,9,15,L,G.Gonzalez (48)
147,147,Sep 15,@,MIL,W3-1,34,30,3,5,3,0,0,2,4,0,8,0,0,0,0,0,2,1,.253,.317,.406,.723,4,14,R,Z.Davies (55)
148,148,Sep 16,@,MIL,W3-2,35,28,3,5,2,0,0,3,5,1,8,0,1,1,0,1,0,1,.253,.317,.406,.722,5,14,R,J.Chacin (54)
149,149,Sep 17,,KCR,W7-6,44,41,7,16,1,1,0,6,3,0,8,0,0,0,0,1,0,0,.254,.318,.406,.724,11,15,R,B.Keller (42)
150,150,Sep 18,,KCR,W2-1,42,38,2,9,1,0,1,2,3,1,4,0,1,0,1,0,0,2,.254,.318,.406,.723,9,19,L,E.Skoglund (68)
151,151,Sep 19,,KCR,W2-1,31,30,2,9,3,0,1,2,0,0,6,0,0,1,0,0,1,1,.254,.318,.406,.724,5,12,R,H.Fillmyer (58)
152,152,Sep 21,,MIL,L3-8,34,32,3,7,1,1,2,3,2,0,7,0,0,0,0,1,0,1,.254,.317,.407,.724,4,17,R,J.Chacin (42)
153,153,Sep 22,,MIL,W3-0,34,30,3,10,1,0,0,3,3,0,7,1,0,0,0,2,0,2,.254,.318,.406,.724,7,15,R,Z.Davies (48)
154,154,Sep 23,,MIL,L6-13,35,33,6,6,2,0,1,6,1,0,9,1,0,0,1,1,0,0,.254,.317,.406,.723,2,19,L,W.Miley (40)
155,155,Sep 24,@,CHC,W5-1,39,33,5,7,2,0,2,5,5,0,9,0,1,0,0,0,0,0,.254,.317,.406,.723,7,13,L,C.Hamels (57)
156,156,Sep 25,@,CHC,W6-0,45,37,6,10,4,0,1,6,7,0,9,1,0,0,1,1,0,0,.254,.318,.407,.724,12,13,L,M.Montgomery (30)
157,157,Sep 26,@,CHC,L6-7,42,38,6,10,2,1,2,6,4,1,7,0,0,0,0,2,0,0,.254,.318,.407,.725,6,19,L,J.Quintana (55)
158,158,Sep 27,@,CHC,L0-3,36,31,0,4,1,0,0,0,5,0,5,0,0,0,1,1,1,0,.253,.318,.406,.724,9,13,L,J.Lester (65)
159,159,Sep 28,@,CIN,W8-4,43,39,8,13,3,0,2,8,2,0,10,0,0,2,1,0,0,0,.254,.318,.407,.725,8,15,R,A.DeSclafani (54)
160,160,Sep 29,@,CIN,L0-3,34,32,0,6,1,0,0,0,2,0,6,0,0,0,0,0,0,0,.253,.317,.406,.723,7,15,R,M.Lorenzen (59)
161,161,Sep 30,@,CIN,W6-5,41,37,6,10,5,0,2,4,3,1,5,0,0,1,0,2,0,0,.254,.317,.407,.725,5,16,R,S.Romano (53)