Rk,Gtm,Date,,Opp,Rslt,PA,AB,R,H,2B,3B,HR,RBI,BB,IBB,SO,HBP,SH,SF,ROE,GDP,SB,CS,BA,OBP,SLG,OPS,LOB,#,Thr,Opp. Starter (GmeSc)
1,1,Mar 29,,CLE,W2-1,29,28,2,6,1,0,1,2,1,0,8,0,0,0,0,2,0,0,.214,.241,.357,.599,3,10,R,C.Kluber (69)
2,2,Mar 31,,CLE,L5-6,37,36,5,10,1,0,2,5,1,1,8,0,0,0,0,0,0,0,.250,.273,.422,.695,5,11,R,C.Carrasco (39)
3,3,Apr 1,,CLE,W5-4,37,31,5,8,4,0,2,5,4,0,8,1,1,0,0,0,0,0,.253,.304,.474,.778,8,10,R,T.Bauer (53)
4,4,Apr 3,@,SFG,W6-4,41,34,6,12,2,0,0,6,5,0,7,0,1,1,0,2,2,0,.279,.338,.457,.795,8,13,L,T.Blach (19)
5,5,Apr 4,@,SFG,L1-10,38,34,1,10,2,0,0,1,4,0,5,0,0,0,0,2,0,0,.282,.344,.436,.780,10,15,R,J.Cueto (51)
6,6,Apr 5,@,MIN,L2-4,40,36,2,8,0,0,0,2,4,0,7,0,0,0,1,1,2,0,.271,.336,.397,.733,11,10,R,K.Gibson (45)
7,7,Apr 7,@,MIN,W11-4,42,39,11,12,3,0,2,10,3,0,12,0,0,0,0,0,0,0,.277,.340,.420,.760,4,12,R,J.Berrios (39)
8,8,Apr 9,@,KCR,L0-10,32,27,0,2,0,0,0,0,2,0,6,3,0,0,0,2,0,0,.257,.327,.385,.711,5,10,R,J.Junis (76)
9,9,Apr 10,@,KCR,W8-3,43,34,8,9,4,1,1,8,5,1,4,3,0,1,1,1,2,1,.258,.335,.401,.737,8,9,L,E.Skoglund (31)
10,10,Apr 11,@,KCR,W4-2,36,31,4,6,1,0,1,3,4,0,10,0,0,1,0,1,0,0,.252,.330,.394,.724,5,11,L,D.Duffy (58)
11,11,Apr 13,,OAK,W7-4,37,34,7,11,2,0,2,7,3,0,7,0,0,0,0,0,0,1,.258,.334,.409,.743,6,10,R,A.Triggs (51)
12,12,Apr 14,,OAK,W10-8,44,42,10,17,2,0,4,9,2,0,7,0,0,0,1,0,2,0,.273,.344,.443,.787,10,11,R,K.Graveman (29)
13,13,Apr 15,,OAK,L1-2,32,28,1,2,0,0,1,1,3,0,5,0,1,0,0,0,0,0,.260,.332,.426,.758,4,11,L,S.Manaea (71)
14,14,Apr 16,,HOU,W2-1,31,30,2,6,3,0,1,2,1,0,6,0,0,0,0,0,0,0,.256,.326,.425,.750,5,9,L,D.Keuchel (67)
15,15,Apr 17,,HOU,L1-4,30,29,1,3,0,0,1,1,1,0,14,0,0,0,0,0,0,0,.247,.315,.412,.727,2,9,R,L.McCullers (81)
16,16,Apr 18,,HOU,L1-7,32,30,1,5,0,0,0,1,2,0,8,0,0,0,0,1,3,0,.243,.310,.398,.707,4,11,R,G.Cole (68)
17,17,Apr 19,,HOU,L2-9,35,34,2,7,2,0,0,2,1,0,10,0,0,0,0,0,0,0,.241,.305,.390,.695,6,11,R,C.Morton (79)
18,18,Apr 20,@,TEX,W6-2,43,38,6,14,5,0,1,6,2,1,9,1,2,0,1,1,3,1,.249,.312,.402,.714,10,11,L,M.Minor (57)
19,19,Apr 21,@,TEX,W9-7,41,37,9,13,2,0,3,9,2,0,5,1,0,1,0,1,0,1,.255,.317,.416,.733,5,11,R,B.Colon (40)
20,20,Apr 22,@,TEX,L4-7,43,39,4,10,3,1,1,4,3,0,9,1,0,0,2,0,0,0,.255,.317,.419,.736,12,11,L,M.Perez (53)
21,21,Apr 23,@,CHW,L4-10,35,33,4,9,4,0,2,4,1,0,4,0,0,1,0,0,0,0,.256,.316,.426,.742,4,9,R,C.Fulmer (60)
22,22,Apr 24,@,CHW,W1-0,34,32,1,5,1,0,0,1,1,0,5,1,0,0,1,0,0,1,.251,.311,.416,.727,6,10,R,C.Volstad (56)
23,23,Apr 25,@,CHW,W4-3,41,35,4,8,2,0,1,4,6,1,7,0,0,0,1,0,1,0,.250,.313,.414,.726,10,10,R,J.Shields (44)
24,24,Apr 26,@,CLE,W5-4,37,35,5,10,4,1,0,5,2,1,6,0,0,0,0,2,0,0,.252,.313,.416,.729,5,10,R,M.Clevinger (44)
25,25,Apr 27,@,CLE,L5-6,35,32,5,6,1,0,2,5,3,0,10,0,0,0,0,1,0,0,.249,.311,.415,.726,3,10,R,C.Kluber (71)
26,26,Apr 28,@,CLE,W12-4,44,38,12,12,3,0,4,12,3,0,6,1,0,1,0,0,2,0,.252,.314,.428,.742,5,10,R,C.Carrasco (34)
27,27,Apr 29,@,CLE,W10-4,44,42,10,14,2,1,4,10,1,0,7,1,0,0,1,0,0,0,.256,.316,.441,.757,7,9,R,J.Tomlin (31)
28,28,May 1,,OAK,W6-3,39,32,6,9,3,0,1,6,5,0,8,1,0,1,0,0,2,0,.257,.318,.442,.760,9,9,R,A.Triggs (37)
29,29,May 2,,OAK,L2-3,38,35,2,9,1,0,1,2,3,1,8,0,0,0,0,0,0,0,.257,.318,.440,.758,9,11,L,B.Anderson (58)
30,30,May 3,,OAK,W4-1,33,29,4,7,1,0,1,4,0,0,6,2,2,0,0,0,2,0,.256,.317,.438,.755,5,9,L,S.Manaea (49)
31,31,May 4,,LAA,L0-5,31,29,0,5,0,0,0,0,1,0,11,0,0,0,0,3,0,0,.254,.314,.430,.745,4,9,R,G.Richards (73)
32,32,May 5,,LAA,W9-8,51,45,9,15,5,0,1,7,5,0,12,0,1,0,1,0,1,1,.257,.318,.434,.752,11,11,L,T.Skaggs (54)
33,33,May 6,,LAA,L2-8,37,30,2,6,0,0,1,2,6,0,6,1,0,0,0,2,0,0,.256,.319,.430,.749,8,11,R,S.Ohtani (56)
34,34,May 8,@,TOR,W5-0,41,37,5,12,1,0,1,5,3,0,5,0,0,1,0,1,1,0,.258,.321,.430,.751,9,9,R,M.Stroman (29)
35,35,May 9,@,TOR,L2-5,39,32,2,5,2,0,0,2,6,0,8,1,0,0,0,0,1,1,.255,.320,.425,.745,10,10,L,J.Garcia (53)
36,36,May 10,@,TOR,W9-3,47,41,9,17,2,0,4,9,5,0,9,0,0,1,0,2,1,0,.261,.325,.436,.761,11,9,L,J.Happ (13)
37,37,May 12 (1),@,DET,L3-4,37,30,3,4,2,0,0,3,5,0,7,1,0,1,0,0,0,0,.258,.324,.430,.754,7,11,L,M.Boyd (57)
38,38,May 12 (2),@,DET,W9-5,43,36,9,13,3,0,2,9,5,0,8,2,0,0,0,2,1,0,.260,.328,.435,.763,7,9,R,M.Fulmer (29)
39,39,May 13,@,DET,L4-5,42,37,4,11,0,0,1,4,2,0,6,2,1,0,1,1,2,0,.261,.329,.434,.763,11,11,L,B.Hardy (41)
40,40,May 14,@,MIN,W1-0,36,33,1,6,4,0,0,0,1,0,8,1,1,0,1,0,0,0,.260,.327,.430,.757,8,10,R,J.Odorizzi (70)
41,41,May 15,,TEX,W9-8,53,44,9,15,3,1,1,8,4,0,12,2,3,0,1,0,4,0,.262,.330,.433,.763,13,12,L,M.Minor (23)
42,42,May 16,,TEX,L1-5,33,32,1,6,1,0,1,1,1,0,3,0,0,0,0,1,0,0,.260,.327,.431,.758,5,10,R,B.Colon (74)
43,43,May 17,,DET,L2-3,35,32,2,7,2,0,0,2,2,0,14,0,1,0,0,0,0,1,.260,.326,.427,.753,6,9,L,M.Boyd (60)
44,44,May 18,,DET,W5-4,34,28,5,5,1,0,0,5,4,0,7,1,0,1,0,0,0,0,.258,.325,.423,.749,5,9,R,M.Fulmer (60)
45,45,May 19,,DET,W7-2,38,32,7,10,2,2,2,7,3,0,5,1,1,1,0,0,0,0,.259,.326,.429,.755,7,9,R,M.Fiers (40)
46,46,May 20,,DET,W3-2,38,35,3,6,0,0,1,3,3,0,6,0,0,0,0,0,1,1,.257,.325,.425,.750,5,11,L,F.Liriano (82)
47,47,May 22,@,OAK,W3-2,40,35,3,6,1,0,1,3,4,0,10,1,0,0,0,1,0,0,.255,.323,.422,.745,7,10,R,T.Cahill (62)
48,48,May 23,@,OAK,W1-0,36,33,1,6,1,0,0,1,3,0,7,0,0,0,1,1,2,0,.254,.322,.418,.740,8,11,R,D.Gossett (69)
49,49,May 24,@,OAK,L3-4,36,32,3,10,1,0,0,2,4,0,8,0,0,0,0,5,1,0,.255,.323,.416,.740,6,11,R,J.Lucas (40)
50,50,May 25,,MIN,W2-1,29,27,2,5,0,0,0,2,2,0,9,0,0,0,0,1,1,0,.254,.322,.413,.735,3,9,R,F.Romero (64)
51,51,May 26,,MIN,W4-3,44,41,4,10,0,0,3,4,1,0,7,1,1,0,0,2,1,0,.254,.321,.414,.735,5,10,R,J.Odorizzi (44)
52,52,May 27,,MIN,W3-1,34,33,3,11,1,0,1,3,1,0,9,0,0,0,0,0,1,1,.255,.322,.415,.736,7,9,R,J.Berrios (61)
53,53,May 28,,TEX,W2-1,32,28,2,6,0,0,0,2,2,0,2,1,1,0,1,1,0,1,.254,.321,.411,.733,6,9,R,D.Fister (53)
54,54,May 29,,TEX,L5-9,41,39,5,12,3,0,1,5,0,0,9,2,0,0,0,0,0,0,.256,.322,.413,.734,9,11,R,A.Bibens-Dirkx (35)
55,55,May 30,,TEX,L6-7,41,38,6,13,7,0,0,4,2,0,11,0,0,1,0,1,0,0,.257,.322,.415,.737,8,11,L,M.Moore (38)
56,56,May 31,,TEX,W6-1,37,32,6,11,1,1,1,6,3,0,3,0,0,2,1,1,0,0,.259,.323,.417,.740,7,9,L,M.Minor (37)
57,57,Jun 1,,TBR,W4-3,50,46,4,11,2,1,1,4,3,1,8,1,0,0,0,1,0,0,.258,.323,.416,.739,10,11,R,S.Romo (53)
58,58,Jun 2,,TBR,W3-1,36,31,3,9,1,0,1,3,4,0,7,1,0,0,0,1,2,1,.259,.324,.416,.740,9,9,R,C.Archer (49)
59,59,Jun 3,,TBR,W2-1,30,28,2,4,0,0,0,2,1,0,16,0,1,0,1,0,1,0,.257,.322,.412,.734,4,10,L,B.Snell (80)
60,60,Jun 5,@,HOU,W7-1,36,35,7,8,0,0,3,7,1,0,7,0,0,0,0,0,0,0,.257,.321,.414,.734,2,9,L,D.Keuchel (34)
61,61,Jun 6,@,HOU,L5-7,40,37,5,11,1,0,3,5,3,0,7,0,0,0,0,1,1,0,.257,.321,.416,.738,8,10,R,L.McCullers (46)
62,62,Jun 7,@,TBR,W5-4,37,33,5,8,0,0,2,5,3,0,10,0,0,1,0,0,0,1,.257,.321,.417,.737,5,9,R,R.Stanek (51)
63,63,Jun 8,@,TBR,W4-3,38,34,4,8,2,0,0,4,3,0,8,1,0,0,0,0,1,1,.257,.321,.415,.735,7,10,R,W.Font (49)
64,64,Jun 9,@,TBR,L3-7,40,35,3,10,1,0,1,3,4,0,4,1,0,0,1,2,0,0,.257,.322,.414,.736,10,11,L,B.Snell (51)
65,65,Jun 10,@,TBR,W5-4,34,32,5,6,0,0,3,5,2,0,7,0,0,0,0,1,0,0,.256,.321,.415,.736,2,10,R,N.Eovaldi (50)
66,66,Jun 11,,LAA,W5-3,32,30,5,8,1,0,3,5,2,0,7,0,0,0,0,2,0,0,.256,.320,.418,.738,3,10,L,A.Heaney (26)
67,67,Jun 12,,LAA,W6-3,36,34,6,14,3,0,4,6,1,0,6,0,0,0,0,3,0,1,.259,.322,.424,.746,6,9,R,J.Barria (43)
68,68,Jun 13,,LAA,W8-6,39,36,8,14,2,0,3,8,2,0,10,0,1,0,1,1,0,1,.261,.323,.428,.752,6,10,R,G.Richards (42)
69,69,Jun 14,,BOS,L1-2,33,29,1,6,0,0,0,1,2,0,9,1,0,1,0,2,1,1,.260,.323,.426,.748,5,10,L,D.Price (70)
70,70,Jun 15,,BOS,W7-6,37,34,7,10,2,0,2,7,3,0,11,0,0,0,0,0,1,0,.261,.323,.427,.750,6,11,R,R.Porcello (50)
71,71,Jun 16,,BOS,W1-0,31,29,1,6,1,0,0,1,2,0,6,0,0,0,1,1,0,1,.260,.322,.425,.747,6,9,R,S.Wright (65)
72,72,Jun 17,,BOS,L3-9,38,35,3,8,2,0,1,3,3,0,11,0,0,0,0,0,0,0,.260,.322,.424,.746,8,10,L,E.Rodriguez (60)
73,73,Jun 19,@,NYY,L2-7,30,30,2,2,1,0,1,2,0,0,12,0,0,0,0,0,1,0,.257,.319,.421,.740,1,10,R,D.German (76)
74,74,Jun 20,@,NYY,L5-7,40,35,5,10,2,0,0,4,3,0,7,1,0,1,0,1,0,0,.258,.320,.420,.740,8,10,R,J.Loaisiga (39)
75,75,Jun 21,@,NYY,L3-4,37,32,3,9,2,0,1,3,3,0,9,1,1,0,0,2,0,1,.258,.320,.420,.741,7,11,R,L.Severino (45)
76,76,Jun 22,@,BOS,L10-14,42,39,10,14,1,0,3,10,3,0,10,0,0,0,0,2,0,0,.259,.321,.423,.745,5,9,R,S.Wright (0)
77,77,Jun 23,@,BOS,W7-2,46,42,7,14,4,0,0,6,3,1,6,1,0,0,1,0,0,0,.261,.322,.424,.746,12,9,L,E.Rodriguez (30)
78,78,Jun 24,@,BOS,L0-5,31,30,0,4,0,1,0,0,1,0,13,0,0,0,0,0,0,1,.259,.321,.421,.742,4,9,L,C.Sale (81)
79,79,Jun 25,@,BAL,W5-3,43,32,5,7,0,0,1,4,10,1,6,0,0,1,0,1,1,0,.259,.322,.420,.742,11,9,R,A.Cashner (51)
80,80,Jun 26,@,BAL,W3-2,36,34,3,9,2,0,1,3,2,0,7,0,0,0,0,1,0,1,.259,.322,.420,.741,6,9,R,K.Gausman (61)
81,81,Jun 27,@,BAL,W8-7,51,45,8,14,3,0,2,8,3,1,3,1,0,2,0,0,1,0,.260,.322,.421,.743,10,9,R,A.Cobb (26)
82,82,Jun 28,@,BAL,W4-2,43,40,4,12,1,0,1,3,1,0,9,0,2,0,1,0,0,0,.260,.322,.421,.743,9,11,R,J.Yacabonis (46)
83,83,Jun 29,,KCR,W4-1,34,29,4,5,0,0,2,4,5,0,6,0,0,0,0,0,0,0,.259,.322,.420,.742,6,9,R,I.Kennedy (52)
84,84,Jun 30,,KCR,W6-4,37,36,6,14,2,1,1,6,0,0,6,0,0,1,0,1,0,0,.261,.322,.422,.745,7,10,R,J.Hammel (26)
85,85,Jul 1,,KCR,W1-0,29,29,1,6,1,0,0,1,0,0,3,0,0,0,0,1,0,0,.260,.321,.421,.742,4,9,R,B.Keller (69)
86,86,Jul 3,,LAA,W4-1,34,32,4,6,2,0,1,3,2,0,11,0,0,0,1,0,1,0,.260,.321,.420,.740,6,9,L,A.Heaney (65)
87,87,Jul 4,,LAA,L4-7,39,35,4,10,2,0,2,4,3,0,15,0,1,0,1,1,0,1,.260,.321,.421,.742,8,11,R,G.Richards (57)
88,88,Jul 5,,LAA,W4-1,36,31,4,9,2,1,1,4,5,0,5,0,0,0,0,2,0,0,.260,.322,.422,.743,8,9,R,J.Barria (48)
89,89,Jul 6,,COL,L1-7,33,33,1,8,0,0,1,1,0,0,7,0,0,0,1,1,0,1,.260,.321,.421,.742,5,10,R,G.Marquez (63)
90,90,Jul 7,,COL,L1-5,36,32,1,7,0,0,1,1,4,0,9,0,0,0,0,2,0,0,.260,.321,.420,.740,8,13,L,K.Freeland (53)
91,91,Jul 8,,COL,W6-4,36,29,6,7,2,1,1,6,5,1,4,1,0,1,0,1,0,0,.259,.321,.420,.741,6,9,R,A.Senzatela (37)
92,92,Jul 10,@,LAA,L3-9,36,35,3,7,2,0,1,3,1,0,8,0,0,0,1,0,0,0,.259,.320,.419,.739,6,10,R,G.Richards (38)
93,93,Jul 11,@,LAA,W3-0,35,31,3,6,1,0,1,3,1,0,7,3,0,0,0,2,0,0,.258,.320,.419,.738,5,9,R,J.Barria (50)
94,94,Jul 12,@,LAA,L2-11,37,34,2,9,1,0,0,2,2,0,7,1,0,0,0,2,0,0,.258,.320,.417,.737,8,11,L,T.Skaggs (62)
95,95,Jul 13,@,COL,L7-10,41,37,7,12,2,2,0,6,4,0,7,0,0,0,0,1,0,1,.259,.320,.418,.738,7,14,R,J.Hoffman (33)
96,96,Jul 14,@,COL,L1-4,32,31,1,5,1,0,0,1,1,0,8,0,0,0,0,1,0,0,.258,.319,.416,.735,4,15,R,J.Gray (69)
97,97,Jul 15,@,COL,L3-4,37,35,3,9,1,0,0,3,1,0,8,0,1,0,0,0,1,0,.258,.319,.414,.733,7,16,L,T.Anderson (59)
98,98,Jul 20,,CHW,W3-1,33,30,3,9,2,0,0,3,1,0,5,1,0,1,0,1,2,1,.258,.319,.414,.733,6,10,R,J.Shields (61)
99,99,Jul 21,,CHW,L0-5,31,29,0,2,0,0,0,0,2,0,6,0,0,0,1,0,0,1,.257,.317,.411,.728,4,10,R,D.Covey (82)
100,100,Jul 22,,CHW,W8-2,35,29,8,7,0,1,2,8,5,0,3,0,0,1,0,0,1,0,.257,.318,.412,.730,3,9,R,R.Lopez (34)
101,101,Jul 24,,SFG,L3-4,37,33,3,9,0,0,1,3,3,0,5,0,0,1,0,1,0,0,.257,.318,.411,.729,7,10,L,A.Suarez (40)
102,102,Jul 25,,SFG,W3-2,30,25,3,4,0,0,1,3,2,0,5,1,1,1,0,0,1,0,.256,.317,.411,.728,3,9,L,D.Holland (63)
103,103,Jul 27,@,LAA,L3-4,39,36,3,9,1,0,2,3,2,0,8,1,0,0,0,2,1,1,.256,.317,.411,.728,6,12,L,A.Heaney (61)
104,104,Jul 28,@,LAA,L5-11,37,37,5,10,0,0,3,5,0,0,5,0,0,0,0,0,0,0,.256,.317,.412,.729,5,12,R,J.Barria (56)
105,105,Jul 29,@,LAA,W8-5,45,39,8,14,2,1,0,7,5,0,6,1,0,0,0,2,3,0,.257,.318,.413,.731,10,10,R,F.Pena (10)
106,106,Jul 30,,HOU,W2-0,31,28,2,4,1,0,0,2,2,0,8,1,0,0,0,0,1,0,.256,.317,.411,.728,5,10,R,G.Cole (64)
107,107,Jul 31,,HOU,L2-5,34,33,2,7,0,1,1,2,1,0,10,0,0,0,0,0,0,0,.256,.317,.410,.727,5,10,R,C.Morton (59)
108,108,Aug 1,,HOU,L3-8,36,34,3,9,0,0,1,3,2,0,6,0,0,0,0,0,0,0,.256,.317,.410,.726,6,9,L,D.Keuchel (50)
109,109,Aug 2,,TOR,L3-7,38,35,3,10,1,0,2,3,2,0,6,1,0,0,0,2,1,0,.256,.317,.410,.727,8,10,R,T.Clippard (39)
110,110,Aug 3,,TOR,L2-7,34,34,2,6,1,0,0,2,0,0,5,0,0,0,2,1,0,0,.256,.316,.409,.724,5,9,L,R.Borucki (74)
111,111,Aug 4,,TOR,L1-5,32,28,1,3,1,0,0,1,2,0,6,1,0,1,0,1,0,0,.254,.315,.407,.721,4,10,R,M.Estrada (73)
112,112,Aug 5,,TOR,W6-3,37,34,6,10,2,0,3,6,3,0,10,0,0,0,0,0,1,0,.255,.315,.408,.723,7,10,R,S.Gaviglio (47)
113,113,Aug 6,@,TEX,W4-3,52,49,4,14,3,0,1,3,3,1,5,0,0,0,1,1,0,1,.255,.315,.408,.724,12,10,L,M.Perez (46)
114,114,Aug 7,@,TEX,L4-11,36,33,4,9,1,2,2,4,1,0,2,0,1,1,0,1,0,0,.255,.315,.410,.725,5,10,R,B.Colon (46)
115,115,Aug 8,@,TEX,L7-11,38,35,7,9,0,0,2,7,3,0,3,0,0,0,0,1,1,0,.255,.315,.410,.725,4,10,R,Y.Gallardo (57)
116,116,Aug 9,@,HOU,W8-6,42,39,8,14,4,1,3,8,1,0,12,1,0,1,0,1,1,0,.256,.315,.414,.729,7,10,R,J.Verlander (20)
117,117,Aug 10,@,HOU,W5-2,36,34,5,7,4,0,0,5,1,0,6,1,0,0,0,0,0,0,.256,.315,.413,.728,4,10,R,G.Cole (54)
118,118,Aug 11,@,HOU,W3-2,35,33,3,10,3,1,0,3,1,0,6,1,0,0,0,3,1,0,.256,.315,.413,.728,5,10,R,C.Morton (49)
119,119,Aug 12,@,HOU,W4-3,39,38,4,11,1,0,2,4,1,0,7,0,0,0,0,3,0,0,.257,.315,.414,.729,5,11,L,D.Keuchel (61)
120,120,Aug 13,@,OAK,L6-7,40,35,6,10,1,0,0,5,5,1,7,0,0,0,0,1,0,1,.257,.316,.413,.729,7,11,L,S.Manaea (62)
121,121,Aug 14,@,OAK,L2-3,34,34,2,9,3,0,1,2,0,0,7,0,0,0,0,1,0,1,.257,.315,.413,.728,5,9,R,M.Fiers (57)
122,122,Aug 15,@,OAK,W2-0,47,45,2,10,2,0,1,2,1,0,6,1,0,0,0,1,0,0,.257,.315,.412,.727,9,11,L,B.Anderson (71)
123,123,Aug 17,,LAD,L1-11,34,32,1,4,0,0,1,1,2,0,11,0,0,0,1,0,0,0,.256,.314,.411,.724,6,12,R,W.Buehler (68)
124,124,Aug 18,,LAD,W5-4,40,34,5,8,0,0,1,4,6,0,9,0,0,0,0,0,0,1,.255,.314,.410,.724,7,12,L,R.Hill (51)
125,125,Aug 19,,LAD,L1-12,33,32,1,5,1,0,0,1,1,0,12,0,0,0,0,0,0,0,.255,.313,.408,.721,5,10,L,C.Kershaw (71)
126,126,Aug 20,,HOU,W7-4,41,37,7,14,6,0,1,7,3,0,10,0,0,1,1,0,0,0,.256,.314,.410,.724,10,10,R,G.Cole (48)
127,127,Aug 21,,HOU,L2-3,39,35,2,9,0,0,0,1,1,0,10,3,0,0,0,0,1,1,.256,.314,.409,.723,10,12,R,B.Peacock (51)
128,128,Aug 22,,HOU,L7-10,39,33,7,9,3,0,2,7,2,0,8,2,0,2,0,1,0,0,.256,.314,.410,.724,5,11,R,C.Morton (35)
129,129,Aug 24,@,ARI,W6-3,38,35,6,9,3,0,2,5,2,1,11,0,0,1,0,0,2,0,.256,.314,.411,.725,5,13,R,Z.Godley (40)
130,130,Aug 25,@,ARI,W4-3,49,41,4,12,2,0,2,4,7,2,14,0,1,0,0,0,1,0,.256,.315,.412,.726,15,19,L,R.Ray (56)
131,131,Aug 26,@,ARI,L2-5,38,35,2,7,1,0,0,1,3,0,6,0,0,0,2,1,0,0,.256,.314,.410,.725,9,13,R,Z.Greinke (66)
132,132,Aug 28,@,SDP,L1-2,33,33,1,8,0,1,1,1,0,0,1,0,0,0,0,2,0,0,.256,.314,.410,.724,5,11,R,J.Nix (63)
133,133,Aug 29,@,SDP,L3-8,38,34,3,9,2,0,0,3,4,0,11,0,0,0,0,2,1,0,.256,.314,.409,.724,8,14,L,J.Lucchesi (65)
134,134,Aug 30,@,OAK,W7-1,38,36,7,9,1,1,1,5,2,0,7,0,0,0,1,1,0,0,.256,.314,.409,.723,4,10,R,F.Montas (36)
135,135,Aug 31,@,OAK,L5-7,37,36,5,9,0,0,3,5,1,0,9,0,0,0,0,0,1,0,.256,.314,.410,.724,5,10,R,M.Fiers (29)
136,136,Sep 1,@,OAK,W8-7,43,39,8,12,3,0,0,6,2,0,5,2,0,0,0,0,1,0,.256,.314,.410,.724,8,10,R,L.Hendriks (43)
137,137,Sep 2,@,OAK,L2-8,37,35,2,8,3,0,0,2,2,0,5,0,0,0,0,0,0,0,.256,.314,.409,.723,8,9,R,E.Jackson (62)
138,138,Sep 3,,BAL,W2-1,32,27,2,5,0,2,0,2,4,0,7,0,0,1,0,0,0,0,.256,.314,.409,.722,6,11,L,J.Rogers (54)
139,139,Sep 4,,BAL,L3-5,38,33,3,7,1,0,1,2,5,1,4,0,0,0,0,1,0,0,.255,.314,.408,.722,8,14,R,A.Cobb (59)
140,140,Sep 5,,BAL,W5-2,40,34,5,10,3,0,3,5,4,0,3,1,1,0,1,0,1,0,.256,.314,.410,.724,11,10,R,A.Cashner (36)
141,141,Sep 7,,NYY,L0-4,31,30,0,3,1,0,0,0,1,0,11,0,0,0,0,0,0,0,.255,.313,.408,.721,4,9,R,M.Tanaka (86)
142,142,Sep 8,,NYY,L2-4,33,31,2,4,1,0,1,2,1,0,9,1,0,0,1,0,0,1,.254,.312,.407,.720,4,11,R,L.Lynn (60)
143,143,Sep 9,,NYY,W3-2,32,29,3,7,0,0,0,3,2,0,9,0,1,0,0,1,1,1,.254,.312,.406,.718,5,12,L,C.Sabathia (48)
144,144,Sep 11,,SDP,L1-2,37,33,1,7,2,0,1,1,4,0,4,0,0,0,0,1,0,0,.253,.312,.406,.718,9,10,R,B.Mitchell (60)
145,145,Sep 12,,SDP,L4-5,36,34,4,8,1,1,2,4,2,0,13,0,0,0,0,1,1,0,.253,.312,.407,.718,5,15,L,J.Lucchesi (44)
146,146,Sep 13,@,LAA,W8-2,45,35,8,12,2,0,1,8,7,0,6,1,0,2,1,3,0,0,.254,.313,.407,.720,10,11,R,O.Despaigne (34)
147,147,Sep 14,@,LAA,W5-0,38,36,5,9,2,0,0,5,2,0,12,0,0,0,1,0,0,1,.254,.313,.406,.719,6,11,R,M.Shoemaker (50)
148,148,Sep 15,@,LAA,W6-5,43,38,6,12,2,0,2,6,5,0,9,0,0,0,0,1,1,0,.254,.313,.407,.721,10,11,L,A.Heaney (46)
149,149,Sep 16,@,LAA,L3-4,33,32,3,7,1,0,1,3,1,0,9,0,0,0,0,1,0,1,.254,.313,.407,.720,3,11,R,J.Barria (45)
150,150,Sep 17,@,HOU,W4-1,42,34,4,9,0,1,1,4,8,0,8,0,0,0,0,2,0,0,.254,.314,.407,.721,11,15,L,F.Valdez (64)
151,151,Sep 18,@,HOU,L0-7,37,33,0,6,2,0,0,0,4,0,8,0,0,0,0,0,0,0,.254,.313,.406,.719,10,12,R,J.James (65)
152,152,Sep 19,@,HOU,W9-0,40,38,9,11,3,0,3,8,2,0,6,0,0,0,0,0,0,0,.254,.313,.407,.721,4,14,L,D.Keuchel (36)
153,153,Sep 21,@,TEX,L3-8,31,28,3,9,2,1,0,3,3,0,2,0,0,0,0,1,0,0,.254,.314,.408,.722,8,9,R,C.Sadzeck (51)
154,154,Sep 22,@,TEX,W13-0,48,41,13,16,5,1,3,12,6,0,7,0,0,1,0,1,0,0,.255,.315,.411,.726,8,14,L,M.Minor (41)
155,155,Sep 23,@,TEX,L1-6,35,33,1,6,1,0,0,1,2,0,4,0,0,0,0,0,1,0,.255,.315,.409,.724,7,11,L,M.Perez (55)
156,156,Sep 24,,OAK,L3-7,33,32,3,6,1,0,2,3,1,0,8,0,0,0,0,0,0,1,.255,.314,.409,.723,3,9,R,D.Mengden (52)
157,157,Sep 25,,OAK,W10-8,50,46,10,14,4,0,3,10,4,0,10,0,0,0,1,0,0,0,.255,.314,.411,.725,9,16,L,B.Anderson (26)
158,158,Sep 26,,OAK,L3-9,39,31,3,6,1,1,0,3,6,0,8,1,0,1,0,1,0,0,.255,.314,.410,.725,9,13,R,E.Jackson (38)
159,159,Sep 27,,TEX,L0-2,31,30,0,3,0,0,0,0,1,0,7,0,0,0,1,1,0,0,.254,.313,.408,.722,4,11,R,A.Jurado (71)
160,160,Sep 28,,TEX,W12-6,45,37,12,12,5,0,0,9,8,0,11,0,0,0,2,1,0,0,.254,.314,.409,.723,9,10,L,M.Perez (36)
161,161,Sep 29,,TEX,W4-1,34,31,4,9,1,1,0,4,1,0,5,1,0,1,1,2,0,0,.254,.315,.409,.723,6,10,R,A.Sampson (54)
162,162,Sep 30,,TEX,W3-1,33,30,3,7,2,0,0,3,1,0,6,0,0,1,1,1,2,0,.254,.314,.408,.722,6,12,R,Y.Gallardo (41)