Rk,Gtm,Date,,Opp,Rslt,PA,AB,R,H,2B,3B,HR,RBI,BB,IBB,SO,HBP,SH,SF,ROE,GDP,SB,CS,BA,OBP,SLG,OPS,LOB,#,Thr,Opp. Starter (GmeSc)
1,1,Mar 29,@,LAD,W1-0,36,34,1,8,2,0,1,1,2,0,11,0,0,0,0,1,0,0,.235,.278,.382,.660,8,15,L,C.Kershaw (57)
2,2,Mar 30,@,LAD,W1-0,32,31,1,2,0,0,1,1,0,0,5,0,1,0,4,0,0,0,.154,.179,.277,.456,4,12,L,A.Wood (85)
3,3,Mar 31,@,LAD,L0-5,37,34,0,9,1,0,0,0,3,0,11,0,0,0,0,2,1,0,.192,.231,.283,.514,10,16,R,K.Maeda (66)
4,4,Apr 1,@,LAD,L0-9,35,31,0,6,2,0,0,0,3,1,7,0,1,0,0,1,1,0,.192,.239,.277,.516,8,13,L,R.Hill (64)
5,5,Apr 3,,SEA,L4-6,34,33,4,9,1,0,2,4,0,0,4,0,0,1,0,2,0,0,.209,.244,.319,.563,3,15,L,M.Gonzales (51)
6,6,Apr 4,,SEA,W10-1,43,34,10,12,0,0,4,9,7,0,4,0,1,1,0,0,0,0,.234,.285,.386,.671,9,15,R,F.Hernandez (14)
7,7,Apr 7,,LAD,W7-5,57,55,7,17,3,0,2,7,2,1,18,0,0,0,0,0,2,1,.250,.295,.405,.700,11,21,L,R.Hill (44)
8,8,Apr 8,,LAD,L1-2,36,36,1,8,2,0,0,1,0,0,9,0,0,0,0,1,1,0,.247,.287,.389,.676,5,17,L,C.Kershaw (67)
9,9,Apr 9,,ARI,L1-2,30,30,1,5,1,0,0,1,0,0,12,0,0,0,0,2,0,0,.239,.276,.371,.647,2,13,R,Z.Godley (78)
10,10,Apr 10,,ARI,W5-4,39,29,5,8,0,0,0,4,7,2,12,0,1,2,0,0,4,0,.242,.288,.363,.651,9,16,L,P.Corbin (53)
11,11,Apr 11,,ARI,L3-7,36,32,3,6,1,0,1,3,4,1,10,0,0,0,0,1,0,0,.237,.287,.359,.646,6,15,L,R.Ray (45)
12,12,Apr 12,@,SDP,W7-0,46,36,7,10,2,0,0,5,8,0,7,1,1,0,1,0,0,0,.241,.300,.357,.657,12,12,R,B.Mitchell (36)
13,13,Apr 13,@,SDP,L1-5,37,35,1,10,0,0,0,1,1,0,8,1,0,0,1,2,0,0,.244,.302,.351,.653,9,13,R,T.Ross (60)
14,14,Apr 14,@,SDP,L4-5,37,34,4,9,1,2,2,4,3,0,11,0,0,0,0,0,0,1,.246,.304,.368,.672,6,17,L,C.Richard (37)
15,15,Apr 15,@,SDP,L1-10,34,32,1,7,2,0,0,1,1,0,12,0,0,1,0,1,0,0,.244,.300,.362,.662,6,16,L,J.Lucchesi (67)
16,16,Apr 17,@,ARI,L0-1,29,28,0,1,0,0,0,0,1,0,8,0,0,0,0,0,0,0,.233,.288,.346,.634,2,12,L,P.Corbin (92)
17,17,Apr 18,@,ARI,W4-3,43,37,4,9,1,0,2,4,5,0,13,1,0,0,0,1,1,1,.234,.292,.351,.644,9,14,L,R.Ray (60)
18,18,Apr 19,@,ARI,L1-3,32,31,1,5,1,0,1,1,1,0,6,0,0,0,0,0,0,1,.230,.287,.348,.635,4,13,R,Z.Greinke (68)
19,19,Apr 20,@,LAA,W8-1,39,36,8,9,3,0,3,8,2,0,10,1,0,0,1,1,0,0,.231,.289,.361,.650,4,10,L,A.Heaney (27)
20,20,Apr 21,@,LAA,L3-4,37,34,3,7,1,0,1,3,3,1,17,0,0,0,0,0,0,1,.230,.288,.359,.647,7,11,R,G.Richards (64)
21,21,Apr 22,@,LAA,W4-2,41,39,4,13,0,0,2,3,2,0,9,0,0,0,0,1,1,0,.236,.292,.366,.658,10,10,R,J.Barria (38)
22,22,Apr 23,,WSN,W4-2,34,31,4,6,3,0,1,4,3,0,7,0,0,0,0,0,0,0,.234,.291,.367,.658,6,13,L,G.Gonzalez (48)
23,23,Apr 24,,WSN,W4-3,34,30,4,7,0,0,2,3,3,0,4,1,0,0,0,0,0,0,.234,.292,.370,.661,6,14,R,T.Roark (46)
24,24,Apr 25,,WSN,L2-15,38,34,2,7,3,1,0,2,3,0,11,1,0,0,0,0,0,0,.233,.292,.369,.661,9,17,R,M.Scherzer (62)
25,25,Apr 27,,LAD,W6-4,36,32,6,9,1,0,2,5,3,0,9,0,0,1,0,0,0,0,.235,.293,.374,.667,6,17,L,H.Ryu (60)
26,26,Apr 28 (1),,LAD,L6-15,42,39,6,12,0,0,2,5,3,0,10,0,0,0,0,0,2,0,.238,.296,.378,.674,9,16,R,W.Buehler (52)
27,27,Apr 28 (2),,LAD,W8-3,37,33,8,9,2,0,0,8,4,1,7,0,0,0,1,1,0,0,.239,.298,.376,.674,5,14,L,A.Wood (47)
28,28,Apr 29,,LAD,W4-2,33,28,4,6,2,1,1,4,5,0,5,0,0,0,0,1,0,1,.238,.299,.379,.678,5,13,R,K.Maeda (45)
29,29,Apr 30,,SDP,W6-5,42,36,6,10,2,1,0,6,5,0,10,1,0,0,1,0,2,0,.240,.302,.379,.682,10,18,L,E.Lauer (46)
30,30,May 1,,SDP,L2-3,38,33,2,6,2,0,0,2,5,0,10,0,0,0,0,0,1,0,.238,.302,.375,.677,9,14,R,T.Ross (66)
31,31,May 2,,SDP,W9-4,44,38,9,14,5,0,1,9,4,0,8,1,0,1,1,0,0,0,.243,.307,.382,.689,11,17,L,C.Richard (22)
32,32,May 4,@,ATL,W9-4,43,39,9,13,2,1,2,9,4,0,7,0,0,0,0,1,0,0,.246,.310,.389,.700,7,14,R,M.Foltynewicz (27)
33,33,May 5,@,ATL,W11-2,46,42,11,18,4,0,1,11,2,0,8,1,1,0,0,1,0,0,.253,.316,.397,.713,8,14,R,B.McCarthy (5)
34,34,May 6,@,ATL,W4-3,41,34,4,10,2,0,0,4,5,1,8,0,1,1,0,2,1,0,.254,.318,.396,.713,10,15,R,M.Soroka (32)
35,35,May 7,@,PHI,L0-11,36,32,0,6,1,0,0,0,4,0,12,0,0,0,0,1,0,0,.252,.317,.391,.708,9,15,R,Z.Eflin (72)
36,36,May 8,@,PHI,L2-4,33,32,2,6,1,0,1,2,1,0,17,0,0,0,0,0,1,0,.250,.314,.389,.703,4,12,R,A.Nola (75)
37,37,May 9,@,PHI,L3-11,38,34,3,9,2,0,0,3,3,0,11,0,0,1,0,1,0,0,.251,.314,.387,.701,8,14,R,N.Pivetta (66)
38,38,May 10,@,PHI,L3-6,33,32,3,5,1,0,2,3,1,0,15,0,0,0,0,0,0,0,.248,.311,.387,.698,3,14,R,V.Velasquez (61)
39,39,May 11,@,PIT,L2-11,41,36,2,9,2,0,0,2,4,0,14,1,0,0,1,1,1,0,.249,.312,.385,.697,12,16,R,J.Taillon (61)
40,40,May 12,@,PIT,L5-6,41,35,5,10,4,0,2,5,5,0,8,0,0,1,0,0,0,1,.249,.313,.389,.703,9,14,R,C.Kuhl (50)
41,41,May 13,@,PIT,W5-0,40,39,5,13,3,0,2,5,1,0,7,0,0,0,0,1,0,0,.252,.314,.394,.709,8,14,R,I.Nova (39)
42,42,May 14,,CIN,W10-7,44,39,10,14,7,0,1,10,4,1,6,0,1,0,1,0,2,0,.255,.317,.400,.717,10,14,R,S.Romano (17)
43,43,May 15,,CIN,W5-3,36,35,5,11,1,0,1,5,1,0,8,0,0,0,0,0,0,0,.256,.317,.401,.718,7,17,R,T.Mahle (31)
44,44,May 16,,CIN,L3-6,39,36,3,12,3,0,1,3,2,0,10,0,0,1,0,2,0,0,.258,.318,.403,.722,9,14,R,M.Harvey (41)
45,45,May 17,,COL,L3-5,46,41,3,7,3,0,1,3,4,0,13,0,0,1,0,0,1,1,.256,.316,.401,.717,7,19,R,C.Bettis (53)
46,46,May 18,,COL,L1-6,32,30,1,5,0,0,1,1,2,0,9,0,0,0,0,2,0,0,.254,.314,.398,.713,4,14,L,K.Freeland (64)
47,47,May 19,,COL,W9-4,43,41,9,17,4,1,1,9,2,0,12,0,0,0,0,0,0,0,.258,.318,.404,.722,10,16,R,J.Gray (26)
48,48,May 20,,COL,W9-5,40,34,9,13,0,2,3,9,3,0,5,1,1,1,0,0,0,1,.261,.320,.412,.732,7,17,L,T.Anderson (39)
49,49,May 22,@,HOU,L2-11,35,31,2,7,1,0,1,2,4,0,10,0,0,0,0,2,0,1,.260,.320,.411,.731,6,10,R,G.Cole (61)
50,50,May 23,@,HOU,L1-4,34,32,1,6,1,1,0,1,1,0,13,0,0,1,0,0,0,0,.259,.318,.408,.726,6,9,R,J.Verlander (70)
51,51,May 25,@,CHC,L2-6,34,31,2,4,0,0,1,2,3,0,11,0,0,0,0,0,0,0,.256,.316,.405,.721,5,13,R,K.Hendricks (74)
52,52,May 26,@,CHC,W5-4,41,35,5,11,5,0,1,5,5,1,13,0,0,1,0,1,0,1,.257,.317,.408,.725,9,16,L,J.Quintana (41)
53,53,May 27,@,CHC,L3-8,43,35,3,9,0,0,0,3,8,0,8,0,0,0,1,2,0,0,.257,.319,.405,.724,13,15,R,T.Chatwood (32)
54,54,May 28,@,COL,L5-6,45,42,5,12,2,0,1,5,2,0,3,1,0,0,1,1,1,0,.258,.319,.405,.724,10,17,R,C.Bettis (34)
55,55,May 29,@,COL,L4-11,37,36,4,12,3,0,3,4,1,0,5,0,0,0,0,3,1,0,.259,.320,.410,.730,6,16,L,K.Freeland (43)
56,56,May 30,@,COL,W7-4,42,36,7,11,2,1,0,6,3,0,10,1,2,0,0,1,0,0,.260,.321,.410,.731,8,15,R,J.Gray (34)
57,57,Jun 1,,PHI,W4-0,38,32,4,9,1,1,0,3,3,0,8,1,2,0,1,0,0,0,.261,.322,.409,.731,10,15,R,N.Pivetta (40)
58,58,Jun 2,,PHI,W2-0,32,30,2,7,2,0,0,2,1,0,12,0,0,1,0,1,0,0,.260,.321,.408,.728,6,12,R,V.Velasquez (67)
59,59,Jun 3,,PHI,W6-1,31,31,6,11,1,0,2,6,0,0,5,0,0,0,0,2,0,1,.262,.321,.410,.732,1,14,R,J.Arrieta (40)
60,60,Jun 4,,ARI,W10-3,39,34,10,11,3,0,4,9,3,1,8,2,0,0,1,2,0,0,.263,.323,.416,.739,5,16,R,Z.Godley (23)
61,61,Jun 5,,ARI,L2-3,40,35,2,8,3,0,0,2,5,0,9,0,0,0,0,0,0,0,.262,.323,.415,.737,11,15,L,P.Corbin (66)
62,62,Jun 6,,ARI,W5-4,40,38,5,11,2,1,2,5,2,0,12,0,0,0,0,2,0,0,.263,.323,.417,.740,6,17,R,C.Buchholz (56)
63,63,Jun 8,@,WSN,W9-5,42,40,9,15,5,1,2,9,0,0,7,1,0,1,0,0,1,0,.265,.324,.422,.746,6,17,R,S.Strasburg (36)
64,64,Jun 9,@,WSN,L5-7,43,37,5,11,2,0,1,5,4,0,11,1,0,1,0,0,0,0,.265,.325,.422,.747,11,15,L,G.Gonzalez (31)
65,65,Jun 10,@,WSN,W2-0,36,32,2,5,3,0,1,2,4,0,9,0,0,0,0,0,1,0,.264,.324,.421,.745,7,15,R,M.Scherzer (67)
66,66,Jun 11,@,MIA,L5-7,41,34,5,8,1,0,0,4,5,2,11,1,0,1,0,0,0,0,.263,.324,.419,.743,9,13,L,W.Chen (36)
67,67,Jun 12,@,MIA,L1-3,30,26,1,3,0,0,0,1,3,0,4,0,1,0,0,2,0,0,.262,.322,.415,.738,2,12,R,T.Richards (63)
68,68,Jun 13,@,MIA,L4-5,42,38,4,11,2,0,1,4,3,1,5,1,0,0,0,0,1,0,.262,.323,.416,.739,11,17,L,C.Smith (49)
69,69,Jun 14,@,MIA,W6-3,63,52,6,12,2,0,2,6,7,1,14,1,2,1,0,3,0,1,.261,.323,.415,.738,9,16,R,D.Straily (55)
70,70,Jun 15,@,LAD,L2-3,31,31,2,4,1,0,1,2,0,0,8,0,0,0,0,0,0,0,.260,.321,.413,.734,2,13,R,R.Stripling (63)
71,71,Jun 16,@,LAD,L1-3,35,30,1,4,0,0,0,1,4,0,6,0,0,1,1,0,0,1,.258,.320,.409,.729,7,12,L,A.Wood (57)
72,72,Jun 17,@,LAD,W4-1,37,31,4,3,0,0,2,4,5,1,11,1,0,0,1,0,2,0,.256,.319,.408,.727,6,15,L,C.Ferguson (54)
73,73,Jun 18,,MIA,L4-5,37,33,4,6,1,0,1,4,3,0,10,1,0,0,1,0,0,1,.255,.318,.407,.725,6,13,L,C.Smith (36)
74,74,Jun 19,,MIA,W6-3,40,33,6,11,3,0,2,6,6,1,5,1,0,0,0,2,0,0,.256,.320,.409,.729,10,15,R,D.Straily (29)
75,75,Jun 20,,MIA,W6-5,36,33,6,10,2,0,0,6,3,1,7,0,0,0,0,1,1,0,.257,.320,.409,.729,6,15,R,J.Urena (36)
76,76,Jun 21,,SDP,W3-0,33,28,3,6,2,1,0,2,4,1,4,0,0,1,1,1,0,1,.256,.320,.408,.728,6,10,R,T.Ross (65)
77,77,Jun 22,,SDP,L2-6,33,32,2,5,2,0,0,1,1,0,8,0,0,0,0,0,1,0,.255,.319,.406,.724,4,16,L,C.Richard (62)
78,78,Jun 23,,SDP,W5-3,35,31,5,8,3,1,0,5,2,0,8,1,0,1,0,0,1,0,.255,.319,.406,.725,6,14,L,M.Strahm (55)
79,79,Jun 24,,SDP,W3-2,42,39,3,9,5,0,1,3,2,1,10,1,0,0,0,1,0,0,.255,.318,.406,.725,8,16,L,E.Lauer (61)
80,80,Jun 26,,COL,W3-2,38,29,3,7,0,0,1,3,7,3,6,0,1,1,0,0,1,0,.255,.319,.406,.725,11,15,R,C.Bettis (53)
81,81,Jun 27,,COL,W1-0,33,31,1,5,0,0,1,1,2,0,4,0,0,0,2,1,0,0,.254,.318,.404,.722,7,11,L,K.Freeland (72)
82,82,Jun 28,,COL,L8-9,43,39,8,12,4,0,1,8,4,1,11,0,0,0,1,0,1,0,.254,.319,.405,.724,8,15,R,J.Gray (33)
83,83,Jun 29,@,ARI,W2-1,34,32,2,6,2,0,0,2,2,0,6,0,0,0,0,0,0,1,.254,.318,.404,.721,5,13,L,P.Corbin (64)
84,84,Jun 30,@,ARI,W7-0,42,38,7,12,0,0,3,7,3,0,10,0,0,1,0,0,0,0,.254,.318,.405,.724,8,11,R,S.Miller (30)
85,85,Jul 1,@,ARI,W9-6,50,41,9,16,6,0,0,9,8,3,8,1,0,0,0,2,1,0,.256,.321,.407,.728,14,18,R,Z.Godley (16)
86,86,Jul 2,@,COL,L2-5,33,31,2,5,2,0,1,2,1,0,5,1,0,0,0,1,0,0,.255,.320,.406,.726,4,13,L,K.Freeland (65)
87,87,Jul 3,@,COL,L1-8,34,32,1,6,0,0,0,1,2,0,4,0,0,0,0,1,0,0,.255,.319,.404,.723,6,14,R,A.Senzatela (75)
88,88,Jul 4,@,COL,L0-1,32,29,0,3,0,0,0,0,3,0,10,0,0,0,0,1,0,0,.253,.318,.401,.719,5,14,L,T.Anderson (85)
89,89,Jul 5,,STL,L2-11,29,29,2,2,0,0,1,2,0,0,8,0,0,0,0,0,0,0,.251,.316,.399,.715,0,14,R,L.Weaver (77)
90,90,Jul 6,,STL,W3-2,35,30,3,7,1,0,1,2,4,1,6,0,1,0,0,0,0,0,.251,.316,.399,.714,8,14,R,J.Gant (56)
91,91,Jul 7,,STL,L2-3,35,35,2,8,1,0,0,2,0,0,5,0,0,0,0,0,1,0,.251,.315,.397,.712,6,15,R,C.Martinez (64)
92,92,Jul 8,,STL,W13-8,48,43,13,18,4,0,1,11,5,1,6,0,0,0,1,0,0,0,.253,.317,.400,.717,11,17,R,J.Flaherty (35)
93,93,Jul 9,,CHC,W2-1,42,40,2,9,1,1,0,1,2,1,10,0,0,0,1,1,0,0,.253,.316,.398,.715,9,16,R,K.Hendricks (78)
94,94,Jul 10,,CHC,L0-2,30,28,0,3,0,0,0,0,2,0,7,0,0,0,0,2,0,0,.252,.315,.396,.711,3,14,L,J.Quintana (67)
95,95,Jul 11,,CHC,W5-4,58,51,5,14,2,0,1,5,6,1,9,1,0,0,1,1,0,1,.252,.316,.395,.711,15,18,L,M.Montgomery (35)
96,96,Jul 13,,OAK,W7-1,37,29,7,8,3,0,0,5,5,0,2,2,0,1,0,1,0,1,.252,.317,.395,.712,6,12,R,E.Jackson (54)
97,97,Jul 14,,OAK,L3-4,41,35,3,10,3,0,0,3,4,1,9,1,1,0,0,0,1,1,.253,.317,.395,.712,11,18,L,B.Anderson (33)
98,98,Jul 15,,OAK,L2-6,32,29,2,5,1,0,1,2,3,0,7,0,0,0,0,2,0,1,.252,.317,.394,.711,3,16,L,S.Manaea (54)
99,99,Jul 20,@,OAK,W5-1,36,33,5,8,2,0,2,5,1,0,10,0,1,1,0,0,0,0,.252,.316,.395,.712,4,9,R,E.Jackson (58)
100,100,Jul 21,@,OAK,L3-4,44,39,3,6,1,0,1,3,5,0,14,0,0,0,0,1,2,0,.251,.315,.394,.709,8,9,R,T.Cahill (63)
101,101,Jul 22,@,OAK,L5-6,39,38,5,9,2,0,1,5,1,0,8,0,0,0,0,1,1,0,.251,.315,.393,.708,4,12,L,S.Manaea (63)
102,102,Jul 24,@,SEA,W4-3,38,37,4,11,0,1,1,3,1,0,12,0,0,0,0,1,1,0,.251,.315,.394,.709,7,11,L,R.Elias (45)
103,103,Jul 25,@,SEA,L2-3,34,34,2,6,2,0,0,2,0,0,7,0,0,0,1,0,0,0,.250,.314,.392,.706,5,10,R,M.Leake (59)
104,104,Jul 26,,MIL,L5-7,40,33,5,10,2,0,0,4,5,0,8,0,1,1,1,2,0,0,.251,.314,.392,.706,8,16,L,W.Miley (46)
105,105,Jul 27,,MIL,L1-3,34,32,1,6,4,0,0,1,2,0,6,0,0,0,0,1,0,0,.250,.314,.391,.705,6,11,R,C.Anderson (63)
106,106,Jul 28,,MIL,L1-7,32,29,1,4,2,0,1,1,1,0,8,2,0,0,0,0,0,1,.249,.313,.391,.704,4,13,R,J.Chacin (72)
107,107,Jul 29,,MIL,W8-5,41,34,8,13,1,1,1,8,5,0,9,0,0,2,0,0,0,0,.251,.314,.392,.706,9,16,R,J.Guerra (34)
108,108,Jul 30,@,SDP,W5-3,49,44,5,11,0,0,2,5,3,0,9,2,0,0,0,1,2,0,.251,.314,.392,.707,8,18,L,E.Lauer (42)
109,109,Jul 31,@,SDP,W3-2,45,37,3,10,1,1,1,3,6,0,6,0,1,1,0,0,0,1,.251,.315,.393,.707,12,15,L,C.Richard (47)
110,110,Aug 2,@,ARI,W8-1,42,37,8,11,2,0,1,7,4,1,8,0,0,1,0,0,0,0,.251,.315,.393,.708,7,16,R,Z.Greinke (60)
111,111,Aug 3,@,ARI,L3-6,36,36,3,9,0,0,0,3,0,0,10,0,0,0,0,0,0,0,.251,.315,.392,.706,6,17,L,P.Corbin (54)
112,112,Aug 4,@,ARI,L3-9,39,37,3,11,4,0,2,3,2,0,12,0,0,0,0,1,0,0,.252,.315,.393,.708,9,13,R,C.Buchholz (56)
113,113,Aug 5,@,ARI,W3-2,35,31,3,8,1,0,1,3,4,0,11,0,0,0,0,0,0,2,.252,.315,.393,.708,5,17,L,R.Ray (50)
114,114,Aug 6,,HOU,L1-3,33,29,1,4,1,0,1,1,3,0,10,0,1,0,0,1,0,0,.251,.314,.392,.707,5,12,R,C.Morton (72)
115,115,Aug 7,,HOU,L1-2,35,31,1,4,1,1,0,1,3,0,10,1,0,0,0,0,0,0,.250,.314,.391,.705,7,13,L,D.Keuchel (65)
116,116,Aug 9,,PIT,L5-10,36,34,5,6,2,1,0,5,2,0,6,0,0,0,1,0,0,0,.249,.313,.390,.703,4,15,R,I.Nova (59)
117,117,Aug 10,,PIT,W13-10,51,39,13,16,4,0,1,13,11,1,6,1,0,0,0,2,1,0,.251,.316,.392,.708,14,16,R,C.Holmes (11)
118,118,Aug 11,,PIT,L0-4,31,30,0,6,0,0,0,0,1,0,2,0,0,0,0,2,0,1,.250,.315,.391,.706,4,11,R,T.Williams (68)
119,119,Aug 12,,PIT,W4-3,33,31,4,7,1,1,0,4,1,0,8,0,0,1,1,0,0,1,.250,.315,.390,.705,5,13,R,J.Musgrove (49)
120,120,Aug 13,@,LAD,W5-2,36,35,5,8,0,0,0,4,0,0,10,1,0,0,1,1,3,0,.250,.314,.389,.703,4,16,L,C.Kershaw (79)
121,121,Aug 14,@,LAD,W2-1,35,32,2,7,1,0,0,2,2,0,9,1,0,0,0,0,0,1,.250,.314,.388,.702,6,14,L,A.Wood (62)
122,122,Aug 15,@,LAD,L3-4,44,41,3,6,1,0,1,3,2,1,11,0,1,0,0,0,0,0,.249,.313,.386,.699,5,18,L,H.Ryu (72)
123,123,Aug 17,@,CIN,L1-2,41,39,1,8,1,0,0,1,1,0,10,0,1,0,0,1,2,1,.248,.312,.385,.697,7,16,R,A.DeSclafani (67)
124,124,Aug 18,@,CIN,L1-7,36,34,1,7,0,0,0,1,2,0,7,0,0,0,1,1,0,0,.248,.311,.384,.695,8,15,R,M.Harvey (69)
125,125,Aug 19,@,CIN,L4-11,36,35,4,8,5,0,0,3,0,0,11,0,0,1,1,0,0,0,.248,.311,.383,.694,5,16,R,L.Castillo (63)
126,126,Aug 20,@,NYM,W2-1,50,48,2,8,2,0,0,1,2,0,13,0,0,0,1,0,1,0,.247,.310,.382,.691,9,19,R,Z.Wheeler (72)
127,127,Aug 21,@,NYM,L3-6,33,32,3,5,2,0,1,3,1,0,7,0,0,0,0,0,0,0,.246,.309,.381,.690,3,13,L,S.Matz (59)
128,128,Aug 22,@,NYM,L3-5,35,32,3,6,0,0,1,3,1,0,10,1,1,0,0,0,1,0,.246,.308,.380,.689,5,12,R,N.Syndergaard (59)
129,129,Aug 23,@,NYM,W3-1,35,31,3,5,1,0,1,2,4,0,15,0,0,0,0,1,1,0,.245,.308,.380,.688,5,11,R,J.deGrom (64)
130,130,Aug 24,,TEX,L6-7,47,39,6,11,0,0,1,6,6,0,11,0,0,2,0,0,3,0,.246,.308,.380,.688,11,17,R,D.Hutchison (22)
131,131,Aug 25,,TEX,W5-3,35,31,5,8,1,0,2,5,3,0,9,0,0,1,0,0,2,0,.246,.308,.380,.689,6,14,L,M.Perez (44)
132,132,Aug 26,,TEX,W3-1,30,27,3,4,0,2,0,2,3,0,6,0,0,0,0,1,0,0,.245,.308,.380,.688,3,13,R,Y.Gallardo (47)
133,133,Aug 27,,ARI,W2-0,29,28,2,4,1,0,1,2,1,0,10,0,0,0,0,0,1,0,.245,.307,.379,.686,3,14,L,P.Corbin (69)
134,134,Aug 28,,ARI,W1-0,36,30,1,7,0,0,0,1,5,0,3,1,0,0,1,2,1,0,.244,.308,.378,.686,10,15,R,C.Buchholz (68)
135,135,Aug 29,,ARI,L1-3,32,27,1,3,1,0,0,1,1,0,10,3,1,0,0,1,0,0,.244,.307,.377,.684,4,15,R,Z.Godley (76)
136,136,Aug 31,,NYM,W7-0,36,33,7,10,4,1,1,7,2,1,12,0,0,1,0,0,0,0,.244,.307,.378,.686,5,13,R,Z.Wheeler (74)
137,137,Sep 1,,NYM,L1-2,38,35,1,3,0,0,1,1,2,0,16,0,1,0,1,1,1,0,.243,.306,.377,.683,4,16,L,S.Matz (77)
138,138,Sep 2,,NYM,L1-4,30,28,1,2,0,1,0,1,1,0,11,0,0,1,1,1,1,0,.242,.305,.375,.680,2,14,R,N.Syndergaard (89)
139,139,Sep 3,@,COL,L8-9,40,38,8,11,2,1,3,8,0,0,13,1,0,1,1,0,1,0,.242,.305,.377,.682,5,17,L,T.Anderson (51)
140,140,Sep 4,@,COL,L2-6,36,33,2,8,0,0,1,2,3,0,11,0,0,0,0,1,2,0,.242,.305,.377,.682,7,16,R,G.Marquez (61)
141,141,Sep 5,@,COL,L3-5,37,34,3,9,2,0,1,2,2,0,12,0,1,0,0,1,0,0,.242,.305,.377,.682,7,13,R,A.Senzatela (41)
142,142,Sep 7,@,MIL,L2-4,33,31,2,5,0,0,1,2,2,0,13,0,0,0,1,1,1,0,.242,.304,.377,.681,4,13,R,C.Anderson (53)
143,143,Sep 8,@,MIL,L3-4,36,33,3,6,1,0,1,3,3,0,13,0,0,0,1,0,0,1,.242,.304,.376,.680,6,18,L,G.Gonzalez (67)
144,144,Sep 9,@,MIL,L3-6,36,34,3,9,1,1,1,3,1,0,8,0,0,1,1,2,1,0,.242,.304,.377,.680,6,15,R,Z.Davies (48)
145,145,Sep 10,,ATL,L1-4,30,29,1,3,0,0,0,1,0,0,11,0,1,0,0,0,1,0,.241,.303,.375,.678,2,15,L,S.Newcomb (70)
146,146,Sep 11,,ATL,L1-4,32,31,1,6,1,0,0,1,1,0,7,0,0,0,0,1,0,0,.241,.302,.374,.676,4,15,R,M.Foltynewicz (77)
147,147,Sep 12,,ATL,L1-2,39,31,1,7,1,0,0,1,7,1,7,0,1,0,1,2,0,0,.241,.303,.373,.676,11,16,R,A.Sanchez (55)
148,148,Sep 14,,COL,W2-0,31,31,2,8,2,0,0,2,0,0,6,0,0,0,0,0,2,0,.241,.302,.373,.675,5,10,L,T.Anderson (56)
149,149,Sep 15,,COL,W3-0,32,29,3,8,2,0,0,2,1,0,5,2,0,0,0,2,0,0,.241,.303,.373,.675,5,13,R,G.Marquez (49)
150,150,Sep 16,,COL,L2-3,36,33,2,7,0,0,0,2,3,0,12,0,0,0,0,1,2,0,.241,.302,.372,.674,7,16,R,A.Senzatela (56)
151,151,Sep 17,@,SDP,W4-2,38,38,4,12,2,0,2,4,0,0,11,0,0,0,0,1,2,0,.241,.303,.373,.675,7,14,R,B.Mitchell (37)
152,152,Sep 18,@,SDP,W5-4,39,37,5,9,2,0,1,5,2,0,16,0,0,0,1,0,2,0,.241,.302,.373,.675,7,17,L,J.Lucchesi (48)
153,153,Sep 19,@,SDP,L4-8,37,34,4,8,1,0,1,4,3,0,6,0,0,0,1,2,0,0,.241,.302,.373,.675,6,16,L,R.Erlin (46)
154,154,Sep 21,@,STL,L3-5,39,34,3,8,3,0,0,3,5,1,16,0,0,0,0,0,0,1,.241,.303,.373,.675,9,15,R,J.Gant (46)
155,155,Sep 22,@,STL,L4-5,45,40,4,11,1,0,0,4,3,2,9,0,2,0,1,0,1,0,.241,.303,.372,.675,11,18,R,A.Wainwright (47)
156,156,Sep 23,@,STL,L2-9,34,34,2,5,1,0,1,2,0,0,11,0,0,0,2,0,0,0,.241,.302,.371,.673,5,16,R,M.Mikolas (75)
157,157,Sep 24,,SDP,L0-5,36,33,0,7,1,0,0,0,3,0,8,0,0,0,0,1,0,0,.241,.302,.370,.672,9,14,R,B.Mitchell (74)
158,158,Sep 25,,SDP,W5-4,44,44,5,9,2,1,1,5,0,0,12,0,0,0,3,0,0,1,.240,.301,.370,.671,6,22,L,R.Erlin (57)
159,159,Sep 26,,SDP,L2-3,35,31,2,5,0,0,1,2,4,0,10,0,0,0,0,0,1,1,.240,.301,.370,.671,6,18,R,L.Perdomo (61)
160,160,Sep 28,,LAD,L1-3,33,29,1,6,0,0,1,1,3,0,6,1,0,0,1,5,0,0,.240,.301,.369,.670,5,16,L,H.Ryu (61)
161,161,Sep 29,,LAD,L6-10,36,34,6,9,3,0,0,6,1,0,9,0,0,1,0,0,0,1,.240,.301,.369,.670,3,20,L,C.Kershaw (35)
162,162,Sep 30,,LAD,L0-15,29,29,0,2,0,0,0,0,0,0,11,0,0,0,0,0,0,0,.239,.300,.368,.667,2,17,L,R.Hill (80)