Rk,Gtm,Date,,Opp,Rslt,PA,AB,R,H,2B,3B,HR,RBI,BB,IBB,SO,HBP,SH,SF,ROE,GDP,SB,CS,BA,OBP,SLG,OPS,LOB,#,Thr,Opp. Starter (GmeSc)
1,1,Mar 29,,BOS,W6-4,35,28,6,4,1,1,0,6,7,0,11,0,0,0,0,0,0,0,.143,.314,.250,.564,5,12,L,C.Sale (76)
2,2,Mar 30,,BOS,L0-1,31,30,0,4,0,0,0,0,1,0,9,0,0,0,0,1,0,0,.138,.242,.190,.432,4,11,L,D.Price (74)
3,3,Mar 31,,BOS,L2-3,37,33,2,8,1,0,1,2,3,0,7,0,0,1,0,0,1,0,.176,.262,.253,.515,8,10,R,R.Porcello (55)
4,4,Apr 1,,BOS,L1-2,37,35,1,8,1,0,1,1,2,0,9,0,0,0,0,0,0,0,.190,.264,.278,.542,9,9,R,H.Velazquez (59)
5,5,Apr 3,@,NYY,L4-11,37,33,4,7,2,0,0,4,4,0,11,0,0,0,1,1,0,0,.195,.271,.277,.548,6,11,L,J.Montgomery (59)
6,6,Apr 4,@,NYY,L2-7,32,30,2,6,1,0,0,2,1,0,9,0,0,1,0,2,0,0,.196,.263,.270,.533,3,9,R,L.Severino (66)
7,7,Apr 5,@,BOS,L2-3,47,40,2,6,1,0,1,2,6,0,11,0,1,0,0,1,0,0,.188,.263,.266,.529,9,12,L,D.Price (73)
8,8,Apr 7,@,BOS,L3-10,32,32,3,6,2,0,0,3,0,0,9,0,0,0,0,1,0,0,.188,.254,.264,.519,2,9,R,R.Porcello (61)
9,9,Apr 8,@,BOS,L7-8,44,37,7,11,1,2,1,7,6,0,11,0,0,1,0,0,1,0,.201,.272,.295,.567,10,12,L,E.Rodriguez (44)
10,10,Apr 9,@,CHW,W5-4,42,39,5,14,2,1,1,5,3,0,7,0,0,0,0,0,3,1,.220,.287,.323,.610,10,9,R,M.Gonzalez (29)
11,11,Apr 10,@,CHW,W6-5,47,34,6,11,0,0,1,5,10,0,9,2,0,1,0,1,0,2,.229,.310,.332,.641,14,9,R,C.Fulmer (38)
12,12,Apr 11,@,CHW,L1-2,36,29,1,4,1,0,0,1,6,0,11,0,1,0,0,0,0,1,.223,.308,.320,.628,8,9,R,J.Shields (62)
13,13,Apr 13,,PHI,L1-2,34,31,1,4,0,0,0,1,3,0,8,0,0,0,1,0,1,0,.216,.301,.306,.607,6,10,R,V.Velasquez (68)
14,14,Apr 14,,PHI,L4-9,36,31,4,8,3,0,0,4,3,0,4,0,0,2,0,3,0,0,.219,.301,.310,.610,5,10,R,J.Arrieta (49)
15,15,Apr 15,,PHI,L4-10,42,38,4,11,1,1,1,4,2,0,10,2,0,0,1,1,2,0,.224,.305,.320,.625,11,10,R,B.Lively (41)
16,16,Apr 16,,TEX,W8-4,41,37,8,13,2,0,2,6,4,0,8,0,0,0,1,1,1,0,.233,.313,.337,.650,9,10,L,M.Perez (13)
17,17,Apr 17,,TEX,L2-7,35,31,2,7,0,0,1,1,2,0,8,2,0,0,1,3,0,0,.232,.313,.336,.649,6,9,L,M.Moore (69)
18,18,Apr 18,,TEX,W4-2,35,33,4,9,4,0,0,4,0,0,6,1,0,1,1,0,1,0,.235,.311,.339,.651,7,10,L,C.Hamels (47)
19,19,Apr 20,,MIN,W8-7,46,38,8,11,3,0,0,6,7,1,13,1,0,0,1,1,2,1,.238,.318,.341,.659,9,10,R,L.Lynn (40)
20,20,Apr 21,,MIN,W10-1,38,35,10,12,1,1,3,10,2,0,8,1,0,0,0,1,0,0,.243,.322,.359,.681,4,10,R,K.Gibson (53)
21,21,Apr 22,,MIN,W8-6,39,36,8,14,1,0,3,8,2,0,12,1,0,0,0,1,0,0,.251,.327,.375,.702,7,12,R,P.Hughes (42)
22,22,Apr 25,@,BAL,W8-4,42,38,8,14,5,0,1,8,2,0,4,1,0,1,0,2,2,0,.257,.331,.385,.716,7,9,R,A.Cobb (23)
23,23,Apr 26,@,BAL,W9-5,41,39,9,13,3,0,2,8,1,0,10,1,0,0,0,0,2,0,.260,.333,.394,.726,5,9,R,D.Bundy (15)
24,24,Apr 27,@,BOS,W4-3,37,33,4,10,1,0,3,4,3,0,5,1,0,0,0,2,0,2,.262,.334,.402,.737,6,10,L,D.Pomeranz (41)
25,25,Apr 28,@,BOS,W12-6,48,43,12,18,4,0,4,11,5,0,9,0,0,0,0,1,0,0,.270,.342,.422,.763,9,11,L,D.Price (32)
26,26,Apr 29,@,BOS,L3-4,36,35,3,10,2,0,1,3,0,0,9,0,1,0,0,0,0,0,.271,.340,.422,.762,6,10,R,R.Porcello (59)
27,27,Apr 30,@,DET,W3-2,33,31,3,4,0,0,2,3,2,0,7,0,0,0,0,0,0,0,.266,.335,.419,.753,3,9,R,J.Zimmermann (77)
28,28,May 1,@,DET,L1-2,35,33,1,8,0,0,0,1,1,0,12,1,0,0,0,1,2,0,.265,.333,.413,.746,7,11,L,M.Boyd (60)
29,29,May 2,@,DET,L2-3,46,40,2,8,0,0,0,2,4,0,11,1,1,0,0,3,0,0,.262,.331,.404,.735,8,10,R,M.Fulmer (55)
30,30,May 4,,TOR,W6-2,37,32,6,10,3,0,2,6,4,0,7,0,0,0,0,1,0,1,.264,.333,.410,.743,7,10,L,J.Happ (48)
31,31,May 5,,TOR,W5-3,39,29,5,6,1,0,0,4,7,0,5,0,1,2,3,1,3,0,.262,.333,.405,.739,10,9,R,A.Sanchez (38)
32,32,May 6,,TOR,L1-2,36,31,1,8,0,0,1,1,5,0,7,0,0,0,0,1,1,2,.262,.334,.404,.738,8,10,R,M.Estrada (63)
33,33,May 8,,ATL,L0-1,34,29,0,5,0,0,0,0,5,0,8,0,0,0,0,2,0,0,.260,.333,.398,.731,7,13,L,S.Newcomb (71)
34,34,May 9,,ATL,L2-5,37,36,2,8,2,0,0,2,1,0,12,0,0,0,1,0,0,0,.259,.331,.394,.725,8,10,R,J.Teheran (71)
35,35,May 11,@,BAL,L4-9,41,40,4,15,2,1,0,3,1,0,7,0,0,0,0,2,0,0,.263,.332,.397,.729,10,9,R,K.Gausman (54)
36,36,May 12 (1),@,BAL,L3-6,35,35,3,8,0,0,1,3,0,0,5,0,0,0,0,0,1,0,.262,.330,.395,.724,5,11,R,D.Hess (51)
37,37,May 12 (2),@,BAL,W10-3,45,36,10,12,2,2,2,9,7,0,7,1,0,1,1,3,1,0,.264,.333,.402,.736,8,9,R,A.Cobb (46)
38,38,May 13,@,BAL,L1-17,35,30,1,5,3,0,0,1,5,0,8,0,0,0,0,2,2,0,.262,.332,.399,.731,7,9,R,D.Bundy (76)
39,39,May 14,@,KCR,W2-1,32,32,2,8,2,0,0,2,0,0,7,0,0,0,0,1,0,2,.261,.330,.397,.728,3,10,L,E.Skoglund (61)
40,40,May 15,@,KCR,W6-5,40,34,6,10,3,0,1,6,3,0,9,0,2,1,0,0,0,0,.262,.331,.399,.730,7,11,R,I.Kennedy (41)
41,41,May 16,@,KCR,W5-3,38,36,5,10,2,0,1,4,1,0,5,1,0,0,0,1,0,0,.262,.330,.399,.730,6,9,R,J.Hammel (34)
42,42,May 17,@,LAA,W7-1,43,39,7,14,0,0,3,6,4,0,10,0,0,0,1,2,1,0,.265,.333,.405,.737,9,11,L,T.Skaggs (60)
43,43,May 18,@,LAA,W8-3,46,41,8,15,0,1,3,7,5,0,11,0,0,0,0,1,1,0,.268,.336,.411,.746,11,9,R,N.Tropeano (31)
44,44,May 19,@,LAA,W5-3,39,32,5,5,0,0,1,5,7,1,10,0,0,0,1,1,0,0,.266,.335,.408,.742,7,10,L,A.Heaney (60)
45,45,May 20,@,LAA,L2-5,36,34,2,7,2,0,1,2,2,0,12,0,0,0,0,0,0,0,.264,.333,.406,.739,7,11,R,S.Ohtani (67)
46,46,May 22,,BOS,L2-4,36,31,2,6,2,0,1,2,3,0,11,1,0,1,0,0,0,0,.263,.332,.405,.737,7,12,L,C.Sale (72)
47,47,May 23,,BOS,L1-4,32,29,1,3,1,0,0,1,3,0,13,0,0,0,0,0,0,1,.260,.329,.400,.730,4,10,L,D.Price (68)
48,48,May 24,,BOS,W6-3,39,33,6,12,1,0,0,4,4,0,5,1,0,1,1,2,2,0,.262,.332,.400,.732,9,9,R,R.Porcello (25)
49,49,May 25,,BAL,L0-2,35,31,0,7,2,0,0,0,4,0,4,0,0,0,0,0,0,1,.261,.331,.398,.730,8,9,R,D.Hess (66)
50,50,May 26,,BAL,W5-1,38,32,5,11,3,1,0,5,6,0,8,0,0,0,1,1,0,0,.263,.334,.400,.734,9,9,R,A.Cashner (25)
51,51,May 27,,BAL,W8-3,43,32,8,10,2,0,2,8,8,0,6,3,0,0,0,2,1,0,.264,.337,.403,.740,11,10,R,K.Gausman (17)
52,52,May 28,@,OAK,W1-0,47,46,1,7,2,0,0,1,1,0,9,0,0,0,0,0,1,0,.261,.333,.398,.731,7,10,R,T.Cahill (80)
53,53,May 29,@,OAK,W4-3,35,33,4,10,0,0,4,4,2,0,9,0,0,0,0,1,0,1,.262,.333,.403,.736,4,9,R,D.Gossett (40)
54,54,May 30,@,OAK,W6-0,43,38,6,10,2,1,2,6,2,0,6,3,0,0,3,2,1,0,.262,.334,.405,.739,10,10,L,S.Manaea (43)
55,55,May 31,@,OAK,L3-7,36,33,3,7,2,0,0,3,3,0,7,0,0,0,0,1,0,0,.261,.333,.403,.736,6,9,R,D.Mengden (61)
56,56,Jun 1,@,SEA,L3-4,49,46,3,11,0,0,2,3,2,0,16,1,0,0,0,1,2,1,.260,.332,.402,.734,7,9,R,M.Leake (65)
57,57,Jun 2,@,SEA,L1-3,33,30,1,5,1,0,0,1,2,0,8,1,0,0,0,1,0,0,.259,.330,.399,.729,5,11,L,M.Gonzales (64)
58,58,Jun 3,@,SEA,L1-2,35,31,1,5,1,0,0,1,1,0,8,2,1,0,0,0,0,0,.257,.329,.396,.725,7,10,R,F.Hernandez (74)
59,59,Jun 5,@,WSN,L2-4,31,31,2,5,2,0,0,2,0,0,14,0,0,0,0,1,0,0,.256,.327,.393,.720,2,14,R,M.Scherzer (77)
60,60,Jun 6,@,WSN,L2-11,35,33,2,7,2,0,1,2,2,0,8,0,0,0,0,0,0,0,.255,.325,.393,.718,6,14,R,T.Roark (55)
61,61,Jun 7,,SEA,L4-5,37,35,4,10,2,1,1,4,1,0,4,1,0,0,0,2,0,0,.256,.325,.394,.720,6,9,R,M.Leake (60)
62,62,Jun 8,,SEA,L3-4,35,33,3,8,0,0,2,3,0,0,5,2,0,0,1,2,0,1,.256,.325,.395,.720,5,12,L,M.Gonzales (63)
63,63,Jun 9,,SEA,W7-3,35,32,7,10,3,1,0,6,2,0,7,0,0,1,0,0,0,1,.256,.325,.396,.721,4,9,R,F.Hernandez (24)
64,64,Jun 10,,SEA,L4-5,36,35,4,9,3,0,1,4,1,0,11,0,0,0,0,0,1,0,.256,.324,.396,.721,5,11,L,J.Paxton (65)
65,65,Jun 11,,TOR,W8-4,39,32,8,9,1,0,1,6,3,0,7,2,0,2,1,0,1,0,.257,.325,.397,.722,7,9,R,S.Gaviglio (27)
66,66,Jun 12,,TOR,W4-1,33,29,4,7,1,0,1,4,4,0,5,0,0,0,0,2,0,0,.257,.325,.396,.721,5,10,L,J.Garcia (43)
67,67,Jun 13,,TOR,W1-0,37,31,1,5,2,0,0,1,4,0,9,1,1,0,1,0,0,0,.255,.324,.394,.718,10,11,L,J.Happ (66)
68,68,Jun 14,@,NYY,L3-4,34,31,3,6,1,0,1,3,3,0,15,0,0,0,0,0,1,1,.254,.324,.393,.717,4,12,R,D.German (58)
69,69,Jun 15,@,NYY,L0-5,33,28,0,4,0,0,0,0,5,0,10,0,0,0,0,2,0,1,.253,.323,.390,.713,6,9,R,J.Loaisiga (63)
70,70,Jun 16,@,NYY,L1-4,32,30,1,5,0,1,1,1,2,0,10,0,0,0,0,1,0,1,.252,.322,.389,.711,4,9,R,L.Severino (83)
71,71,Jun 17,@,NYY,W3-1,38,36,3,11,2,0,0,3,1,0,11,1,0,0,0,1,0,0,.253,.322,.389,.711,8,10,L,C.Sabathia (56)
72,72,Jun 18,@,HOU,L4-5,35,30,4,4,1,0,1,4,5,0,12,0,0,0,0,0,1,0,.251,.321,.387,.709,4,9,R,G.Cole (58)
73,73,Jun 19,@,HOU,W2-1,37,35,2,8,3,0,1,2,2,0,13,0,0,0,0,0,2,0,.251,.320,.388,.708,8,11,R,J.Verlander (67)
74,74,Jun 20,@,HOU,L1-5,36,30,1,4,1,0,0,0,5,0,7,1,0,0,0,1,0,0,.250,.320,.385,.705,8,9,R,C.Morton (66)
75,75,Jun 22,,NYY,W2-1,37,31,2,10,1,0,0,2,4,0,7,1,0,1,0,1,0,1,.250,.321,.385,.706,11,9,L,C.Sabathia (47)
76,76,Jun 23,,NYY,W4-0,36,32,4,9,4,0,1,4,3,0,10,0,1,0,0,0,0,0,.251,.321,.386,.707,8,10,R,S.Gray (52)
77,77,Jun 24,,NYY,W7-6,48,43,7,10,3,2,2,7,4,0,11,1,0,0,0,0,3,0,.251,.321,.389,.710,8,11,R,D.German (19)
78,78,Jun 25,,WSN,W11-0,43,37,11,12,1,0,3,9,6,0,10,0,0,0,1,0,1,0,.252,.323,.391,.714,8,12,L,G.Gonzalez (20)
79,79,Jun 26,,WSN,W1-0,33,28,1,5,0,0,0,1,4,0,5,0,1,0,0,0,2,0,.251,.322,.389,.711,8,14,R,M.Scherzer (66)
80,80,Jun 28,,HOU,L0-1,34,31,0,6,1,0,0,0,2,0,10,1,0,0,0,1,1,0,.250,.322,.387,.709,7,10,R,L.McCullers (76)
81,81,Jun 29,,HOU,W3-2,35,28,3,5,0,0,0,1,4,0,8,1,1,1,2,1,2,0,.249,.321,.385,.706,8,10,R,G.Cole (56)
82,82,Jun 30,,HOU,W5-2,36,32,5,10,1,0,0,5,2,0,11,1,0,1,0,1,0,0,.250,.322,.385,.706,7,9,R,J.Verlander (36)
83,83,Jul 1,,HOU,W3-2,34,31,3,8,0,0,1,3,2,0,13,1,0,0,0,0,0,1,.250,.322,.384,.706,7,12,R,C.Morton (63)
84,84,Jul 2,@,MIA,L2-3,38,35,2,6,2,0,0,2,2,1,7,0,0,1,1,1,0,0,.249,.320,.382,.703,6,16,L,W.Chen (69)
85,85,Jul 3,@,MIA,W9-6,70,62,9,20,4,0,1,9,5,1,16,3,0,0,0,3,1,1,.251,.322,.384,.706,13,22,R,T.Richards (38)
86,86,Jul 4,@,MIA,L0-3,31,27,0,4,1,0,0,0,4,1,9,0,0,0,0,2,1,1,.250,.321,.382,.703,4,14,R,J.Urena (65)
87,87,Jul 6,@,NYM,L1-5,35,31,1,5,1,1,1,1,2,0,9,2,0,0,0,0,1,1,.249,.321,.381,.702,7,19,R,J.deGrom (77)
88,88,Jul 7,@,NYM,W3-0,41,35,3,9,4,0,0,3,4,0,8,2,0,0,0,1,1,0,.249,.321,.381,.703,11,15,L,S.Matz (61)
89,89,Jul 8,@,NYM,W9-0,45,35,9,9,2,0,3,9,9,1,7,1,0,0,0,1,0,0,.249,.323,.384,.706,9,11,R,C.Flexen (28)
90,90,Jul 9,,DET,W10-9,48,44,10,17,5,1,1,10,4,1,9,0,0,0,0,0,1,0,.251,.324,.387,.711,10,11,L,F.Liriano (15)
91,91,Jul 10,,DET,W5-2,34,30,5,6,1,0,1,5,3,0,8,1,0,0,0,0,1,0,.251,.324,.386,.710,5,9,L,M.Boyd (51)
92,92,Jul 11,,DET,W4-2,37,36,4,12,3,0,2,4,1,0,8,0,0,0,0,0,1,0,.252,.324,.389,.713,9,10,R,J.Zimmermann (40)
93,93,Jul 12,@,MIN,L1-5,35,33,1,7,3,0,0,1,1,0,11,0,0,1,0,0,0,0,.251,.323,.388,.711,7,10,R,K.Gibson (77)
94,94,Jul 13,@,MIN,L8-11,43,40,8,13,4,0,2,7,2,0,10,1,0,0,0,1,0,0,.252,.324,.390,.714,8,9,R,J.Odorizzi (27)
95,95,Jul 14,@,MIN,W19-6,50,44,19,20,5,1,3,19,4,1,7,1,0,1,0,0,0,1,.255,.326,.396,.722,4,12,R,J.Berrios (38)
96,96,Jul 15,@,MIN,L7-11,48,43,7,14,2,0,0,7,4,0,7,1,0,0,0,0,3,1,.256,.327,.396,.723,11,10,R,F.Romero (28)
97,97,Jul 20,,MIA,L5-6,40,34,5,8,2,1,0,5,5,0,4,0,0,1,1,1,1,0,.256,.327,.395,.722,8,10,R,D.Straily (65)
98,98,Jul 21,,MIA,L2-3,34,31,2,5,1,0,2,2,1,0,9,2,0,0,0,1,1,0,.255,.326,.395,.721,5,10,R,P.Lopez (69)
99,99,Jul 22,,MIA,W6-4,36,32,6,7,2,1,1,6,2,0,8,1,0,1,0,0,0,0,.254,.326,.395,.721,4,11,R,T.Richards (69)
100,100,Jul 23,,NYY,W7-6,38,37,7,13,2,0,2,6,0,0,13,1,0,0,0,0,0,0,.255,.326,.397,.724,7,9,R,L.Severino (27)
101,101,Jul 24,,NYY,L0-4,29,28,0,3,1,0,0,0,1,0,9,0,0,0,0,2,0,0,.254,.325,.395,.720,2,9,R,M.Tanaka (89)
102,102,Jul 25,,NYY,W3-2,31,31,3,7,0,0,2,3,0,0,8,0,0,0,0,0,1,0,.254,.324,.395,.720,4,12,R,L.Cessa (55)
103,103,Jul 26,@,BAL,W4-3,36,33,4,9,4,0,0,3,2,0,4,1,0,0,1,2,1,1,.254,.324,.395,.720,5,12,R,A.Cobb (43)
104,104,Jul 27,@,BAL,L5-15,41,31,5,9,0,0,0,4,6,0,3,2,0,2,0,1,0,0,.254,.325,.394,.720,9,11,R,A.Cashner (53)
105,105,Jul 28,@,BAL,L2-11,36,33,2,9,2,0,1,2,2,0,6,1,0,0,0,2,0,0,.255,.325,.395,.720,7,9,R,K.Gausman (54)
106,106,Jul 29,@,BAL,L5-11,37,33,5,8,0,0,3,5,1,0,9,2,0,1,1,1,0,1,.254,.325,.396,.721,5,10,R,D.Bundy (64)
107,107,Jul 31,,LAA,W10-6,39,35,10,14,2,1,1,10,3,0,7,1,0,0,0,1,1,0,.256,.326,.398,.724,5,9,L,T.Skaggs (4)
108,108,Aug 1,,LAA,W7-2,41,32,7,9,2,1,2,6,7,0,7,2,0,0,1,1,3,0,.256,.327,.400,.727,10,11,R,N.Tropeano (39)
109,109,Aug 2,,LAA,W4-2,33,29,4,6,2,0,0,3,1,0,7,2,0,1,0,0,0,0,.256,.327,.399,.726,5,10,L,A.Heaney (49)
110,110,Aug 3,,CHW,L2-3,38,32,2,6,1,0,0,2,5,1,11,1,0,0,0,2,3,1,.255,.327,.397,.724,6,12,R,L.Giolito (72)
111,111,Aug 4,,CHW,L1-2,34,27,1,3,1,0,0,1,6,0,8,1,0,0,0,0,3,2,.254,.327,.395,.722,6,9,L,C.Rodon (63)
112,112,Aug 5,,CHW,L7-8,44,36,7,11,2,0,1,6,7,0,9,0,0,1,0,1,1,0,.255,.327,.396,.723,10,12,R,J.Shields (52)
113,113,Aug 7,,BAL,W4-3,36,31,4,6,0,0,1,2,5,0,6,0,0,0,1,1,0,1,.254,.327,.395,.722,6,10,R,A.Cobb (64)
114,114,Aug 8,,BAL,L4-5,38,35,4,7,1,0,0,4,1,0,4,1,0,1,2,0,2,1,.254,.326,.393,.720,7,10,R,A.Cashner (62)
115,115,Aug 9,,BAL,W5-4,34,28,5,6,1,0,1,5,5,0,6,0,0,1,0,0,1,0,.253,.326,.393,.720,5,10,R,D.Hess (49)
116,116,Aug 10,@,TOR,W7-0,39,34,7,9,3,1,2,7,2,0,10,1,1,1,0,0,1,0,.253,.326,.395,.721,5,9,R,M.Estrada (42)
117,117,Aug 11,@,TOR,W3-1,37,36,3,10,4,0,0,3,1,0,11,0,0,0,0,0,2,0,.254,.326,.395,.721,7,11,R,S.Gaviglio (57)
118,118,Aug 12,@,TOR,L1-2,34,32,1,6,1,0,0,1,2,0,5,0,0,0,0,1,1,0,.253,.325,.393,.719,6,9,R,M.Stroman (54)
119,119,Aug 14,@,NYY,L1-4,33,28,1,3,0,0,1,1,4,0,6,1,0,0,0,1,0,1,.252,.325,.392,.717,5,10,L,J.Happ (75)
120,120,Aug 15,@,NYY,W6-1,42,37,6,11,3,0,1,6,5,0,9,0,0,0,0,0,0,1,.253,.325,.393,.718,9,9,R,L.Cessa (28)
121,121,Aug 16,@,NYY,W3-1,37,33,3,10,5,0,0,3,2,0,9,0,2,0,1,0,1,0,.253,.325,.393,.719,7,10,R,M.Tanaka (52)
122,122,Aug 17,@,BOS,L3-7,35,32,3,7,3,0,0,3,2,0,7,1,0,0,0,1,0,1,.253,.325,.393,.718,5,10,L,B.Johnson (47)
123,123,Aug 18,@,BOS,L2-5,35,32,2,5,1,0,1,2,2,0,10,1,0,0,1,0,0,0,.252,.324,.392,.716,6,9,L,D.Price (65)
124,124,Aug 19,@,BOS,W2-0,36,30,2,4,0,0,2,2,5,0,7,1,0,0,0,1,1,0,.251,.324,.391,.715,7,10,R,H.Velazquez (51)
125,125,Aug 20,,KCR,W1-0,34,30,1,8,1,0,0,1,4,0,7,0,0,0,0,1,0,0,.251,.324,.391,.715,9,9,R,J.Lopez (53)
126,126,Aug 21,,KCR,W4-1,40,37,4,14,3,1,1,4,3,0,10,0,0,0,0,0,0,0,.252,.325,.392,.718,12,10,R,G.Sparkman (38)
127,127,Aug 22,,KCR,W6-3,39,36,6,14,3,0,0,6,2,0,7,0,1,0,1,1,2,1,.253,.326,.393,.719,9,9,R,J.Junis (44)
128,128,Aug 23,,KCR,W4-3,43,35,4,11,2,0,0,2,6,1,9,1,0,1,1,0,1,0,.254,.327,.393,.720,14,12,L,D.Duffy (52)
129,129,Aug 24,,BOS,W10-3,39,35,10,11,2,0,1,9,4,0,7,0,0,0,1,0,3,1,.254,.327,.393,.721,5,9,R,H.Velazquez (22)
130,130,Aug 25,,BOS,W5-1,40,30,5,9,0,2,1,4,5,0,10,2,2,1,0,0,2,0,.255,.328,.394,.722,11,9,R,R.Porcello (49)
131,131,Aug 26,,BOS,W9-1,40,34,9,12,3,1,0,9,4,0,12,0,0,2,1,0,1,0,.255,.329,.395,.724,7,9,R,N.Eovaldi (29)
132,132,Aug 28,@,ATL,L5-9,42,35,5,12,0,0,1,5,2,0,6,1,2,2,0,0,2,0,.256,.329,.395,.724,10,16,R,J.Teheran (45)
133,133,Aug 29,@,ATL,W8-5,41,38,8,12,1,0,2,7,2,0,12,0,1,0,1,0,3,0,.257,.329,.396,.725,6,15,L,S.Newcomb (27)
134,134,Aug 31,@,CLE,L0-3,30,28,0,2,0,0,0,0,2,0,11,0,0,0,0,1,0,0,.256,.328,.394,.722,3,11,R,C.Kluber (79)
135,135,Sep 1,@,CLE,W5-3,40,37,5,13,6,0,1,5,3,1,8,0,0,0,0,0,0,1,.256,.328,.396,.724,8,10,R,S.Bieber (38)
136,136,Sep 2,@,CLE,W6-4,42,37,6,13,5,1,2,6,4,0,11,0,1,0,0,1,0,0,.257,.329,.398,.728,9,10,R,C.Carrasco (42)
137,137,Sep 3,@,TOR,W7-1,39,37,7,11,3,1,1,6,1,0,9,1,0,0,0,1,0,1,.257,.329,.399,.728,5,10,R,M.Stroman (28)
138,138,Sep 4,@,TOR,W4-0,40,35,4,8,1,1,0,4,2,0,8,2,1,0,1,0,1,0,.257,.329,.399,.728,9,13,L,R.Borucki (61)
139,139,Sep 5,@,TOR,L3-10,37,33,3,6,0,0,2,3,4,0,9,0,0,0,0,0,0,0,.257,.329,.398,.727,7,10,R,A.Sanchez (54)
140,140,Sep 7,,BAL,W14-2,44,32,14,10,1,0,4,13,11,0,6,0,0,1,0,0,1,1,.257,.330,.401,.730,6,11,R,D.Bundy (28)
141,141,Sep 8,,BAL,W10-5,41,35,10,14,3,1,0,7,1,0,7,1,2,2,1,0,2,1,.258,.330,.402,.732,7,13,R,D.Hess (40)
142,142,Sep 9,,BAL,W8-3,40,36,8,13,3,0,2,7,3,0,5,1,0,0,0,1,2,0,.259,.331,.403,.734,8,9,L,J.Rogers (16)
143,143,Sep 10,,CLE,W6-5,39,33,6,8,2,1,2,6,5,1,16,1,0,0,0,0,1,1,.259,.331,.404,.735,7,12,R,C.Kluber (32)
144,144,Sep 11,,CLE,L0-2,35,31,0,4,1,0,0,0,4,0,13,0,0,0,0,0,1,0,.258,.331,.403,.733,8,11,R,S.Bieber (76)
145,145,Sep 12,,CLE,W3-1,33,30,3,7,0,2,1,3,2,0,7,0,0,1,0,0,2,0,.258,.330,.403,.733,6,10,R,C.Carrasco (56)
146,146,Sep 14,,OAK,L1-2,38,33,1,6,1,0,0,1,4,1,7,1,0,0,0,0,0,2,.257,.330,.402,.732,7,11,R,E.Jackson (56)
147,147,Sep 15,,OAK,W7-5,37,29,7,8,0,1,2,7,5,0,6,1,1,1,0,0,1,1,.257,.330,.403,.733,6,9,R,L.Hendriks (52)
148,148,Sep 16,,OAK,W5-4,37,32,5,9,3,1,2,5,4,0,4,1,0,0,0,0,2,0,.257,.331,.404,.735,8,10,R,M.Fiers (41)
149,149,Sep 17,@,TEX,W3-0,36,31,3,8,2,0,1,3,4,1,6,0,0,1,0,2,0,1,.258,.331,.404,.735,6,11,R,A.Sampson (50)
150,150,Sep 18,@,TEX,W4-0,44,39,4,15,3,0,1,4,3,0,8,2,0,0,0,3,1,0,.258,.332,.405,.737,13,10,R,Y.Gallardo (39)
151,151,Sep 19,@,TEX,W9-3,45,41,9,16,4,1,2,9,4,1,8,0,0,0,1,2,1,0,.260,.333,.407,.740,9,11,L,Y.Mendez (15)
152,152,Sep 20,@,TOR,L8-9,43,38,8,11,1,1,0,8,5,0,7,0,0,0,0,0,4,0,.260,.333,.407,.740,8,14,R,S.Gaviglio (52)
153,153,Sep 21,@,TOR,W11-3,51,40,11,15,5,1,0,8,8,1,12,2,0,1,1,2,1,0,.261,.334,.408,.742,13,13,R,S.Reid-Foley (39)
154,154,Sep 22,@,TOR,L2-5,38,33,2,7,1,0,2,2,5,0,9,0,0,0,0,1,1,0,.260,.334,.408,.742,9,11,L,T.Pannone (56)
155,155,Sep 23,@,TOR,W5-2,37,31,5,5,2,0,2,5,5,1,7,0,1,0,1,1,1,0,.260,.334,.408,.742,5,10,L,R.Borucki (66)
156,156,Sep 24,,NYY,L1-4,35,29,1,2,1,0,0,0,6,0,13,0,0,0,0,1,0,0,.259,.333,.407,.740,7,13,R,J.Holder (52)
157,157,Sep 25,,NYY,L2-9,36,32,2,5,4,0,0,2,3,0,15,1,0,0,1,0,0,0,.258,.333,.406,.739,7,12,R,L.Severino (55)
158,158,Sep 26,,NYY,W8-7,38,34,8,10,1,0,1,6,3,0,9,1,0,0,1,1,1,1,.258,.333,.406,.739,6,12,R,M.Tanaka (39)
159,159,Sep 27,,NYY,L1-12,32,29,1,2,0,0,1,1,1,0,12,2,0,0,0,0,0,0,.257,.332,.405,.737,4,10,L,C.Sabathia (70)
160,160,Sep 28,,TOR,L6-7,44,37,6,12,2,1,1,6,5,0,8,0,0,2,0,0,1,0,.258,.332,.405,.738,11,9,L,T.Pannone (34)
161,161,Sep 29,,TOR,W4-3,33,29,4,9,1,0,2,4,4,0,4,0,0,0,0,1,1,1,.258,.333,.406,.739,5,9,L,R.Borucki (44)
162,162,Sep 30,,TOR,W9-4,41,30,9,10,1,1,0,7,6,0,4,2,1,2,0,1,5,0,.258,.333,.406,.740,8,11,R,S.Gaviglio (37)