Rk,Gtm,Date,,Opp,Rslt,PA,AB,R,H,2B,3B,HR,RBI,BB,IBB,SO,HBP,SH,SF,ROE,GDP,SB,CS,BA,OBP,SLG,OPS,LOB,#,Thr,Opp. Starter (GmeSc)
1,1,Mar 29,,NYY,L1-6,32,29,1,2,0,0,1,1,3,0,12,0,0,0,0,0,1,0,.069,.156,.172,.329,4,10,R,L.Severino (71)
2,2,Mar 30,,NYY,L2-4,33,32,2,5,4,0,1,2,1,0,12,0,0,0,0,0,0,0,.115,.169,.279,.448,4,12,R,M.Tanaka (70)
3,3,Mar 31,,NYY,W5-3,36,32,5,9,2,0,1,4,4,0,9,0,0,0,1,1,4,1,.172,.238,.333,.571,7,10,L,C.Sabathia (53)
4,4,Apr 1,,NYY,W7-4,40,35,7,12,1,0,2,7,5,1,12,0,0,0,0,0,0,0,.219,.291,.391,.681,9,11,R,S.Gray (49)
5,5,Apr 2,,CHW,W4-2,32,28,4,4,0,0,3,4,4,0,6,0,0,0,1,1,0,0,.205,.283,.404,.687,4,9,R,R.Lopez (68)
6,6,Apr 3,,CHW,W14-5,45,38,14,15,7,1,2,13,5,1,6,1,0,1,1,0,0,0,.242,.321,.479,.800,7,10,R,M.Gonzalez (31)
7,7,Apr 4,,CHW,L3-4,35,34,3,6,2,0,0,3,1,0,10,0,0,0,1,0,0,0,.232,.304,.443,.747,5,10,R,C.Fulmer (53)
8,8,Apr 6,@,TEX,W8-5,43,34,8,9,1,0,2,7,6,0,7,1,0,2,0,0,0,0,.237,.314,.447,.761,8,11,L,M.Moore (25)
9,9,Apr 7,@,TEX,L1-5,30,27,1,2,0,1,1,1,3,0,9,0,0,0,0,2,0,0,.221,.301,.429,.730,2,9,L,M.Minor (69)
10,10,Apr 8,@,TEX,W7-4,39,37,7,11,1,0,2,7,2,0,10,0,0,0,2,2,0,0,.230,.304,.436,.740,5,10,L,C.Hamels (31)
11,11,Apr 9,@,BAL,W7-1,41,35,7,10,1,0,2,7,5,0,11,1,0,0,0,1,0,0,.235,.313,.440,.753,7,11,R,D.Bundy (69)
12,12,Apr 10,@,BAL,W2-1,40,34,2,7,0,0,1,1,5,0,7,1,0,0,1,0,0,1,.233,.314,.428,.742,11,10,R,A.Cashner (72)
13,13,Apr 11,@,BAL,L3-5,37,34,3,7,1,0,1,3,3,0,9,0,0,0,0,0,0,0,.231,.311,.420,.730,7,10,R,K.Gausman (52)
14,14,Apr 13,@,CLE,W8-4,40,36,8,7,4,0,1,8,3,0,10,1,0,0,1,0,3,0,.228,.308,.417,.725,5,11,R,M.Clevinger (43)
15,15,Apr 17 (1),,KCR,W11-3,41,36,11,13,3,0,2,11,3,1,10,1,0,1,2,0,0,0,.238,.316,.431,.747,6,11,L,E.Skoglund (36)
16,16,Apr 17 (2),,KCR,W5-4,44,36,5,9,1,0,0,5,7,1,13,1,0,0,0,1,0,0,.238,.321,.421,.742,11,11,L,D.Duffy (73)
17,17,Apr 18,,KCR,W15-5,48,40,15,15,4,1,3,13,7,0,9,1,0,0,2,1,0,0,.248,.332,.444,.776,9,10,R,I.Kennedy (34)
18,18,Apr 19,@,NYY,L3-4,38,34,3,6,0,0,0,2,3,0,9,1,0,0,1,0,0,0,.244,.329,.429,.757,8,11,L,C.Sabathia (51)
19,19,Apr 20,@,NYY,W8-5,45,36,8,9,2,0,2,8,9,0,7,0,0,0,0,0,0,0,.244,.333,.431,.764,10,10,R,S.Gray (26)
20,20,Apr 21,@,NYY,L1-9,34,31,1,4,0,0,0,1,3,0,9,0,0,0,0,0,0,0,.239,.327,.417,.745,6,9,L,J.Montgomery (62)
21,21,Apr 22,@,NYY,L1-5,35,30,1,4,1,0,1,1,4,0,8,1,0,0,0,1,1,0,.234,.324,.411,.735,7,9,R,L.Severino (71)
22,22,Apr 24,,BOS,W4-3,37,34,4,5,2,0,1,4,3,0,11,0,0,0,0,0,0,0,.230,.320,.406,.725,5,11,R,R.Porcello (65)
23,23,Apr 25,,BOS,L3-4,35,34,3,6,1,0,1,2,1,0,5,0,0,0,1,0,1,0,.228,.315,.401,.716,5,10,L,E.Rodriguez (52)
24,24,Apr 26,,BOS,L4-5,38,32,4,6,2,1,2,4,4,0,8,1,0,1,0,0,0,0,.226,.314,.405,.718,7,12,L,C.Sale (54)
25,25,Apr 27,,TEX,L4-6,38,36,4,10,5,1,0,4,1,0,5,1,0,0,1,0,0,0,.229,.314,.408,.721,7,12,L,M.Minor (42)
26,26,Apr 28,,TEX,L4-7,35,34,4,7,1,1,3,4,1,0,4,0,0,0,0,0,0,0,.228,.311,.413,.724,4,10,R,B.Colon (55)
27,27,Apr 29,,TEX,W7-2,36,28,7,9,1,0,3,7,5,0,5,1,0,2,1,2,0,0,.231,.315,.422,.736,5,9,L,M.Perez (34)
28,28,Apr 30,@,MIN,W7-5,44,38,7,10,2,0,2,6,6,1,7,0,0,0,2,0,0,1,.232,.317,.424,.740,10,9,R,L.Lynn (28)
29,29,May 1,@,MIN,W7-4,47,38,7,10,3,0,2,5,7,2,12,1,0,1,0,1,3,0,.233,.319,.427,.746,10,10,R,K.Gibson (53)
30,30,May 2,@,MIN,L0-4,34,30,0,6,1,0,0,0,3,0,9,1,0,0,0,1,0,2,.232,.319,.421,.740,7,9,R,F.Romero (63)
31,31,May 3 (1),@,CLE,W13-11,59,49,13,17,6,0,3,13,9,0,14,1,0,0,1,0,2,0,.238,.325,.432,.757,13,12,R,C.Carrasco (30)
32,32,May 3 (2),@,CLE,L4-13,37,35,4,8,3,0,3,4,2,0,7,0,0,0,0,0,0,0,.237,.324,.436,.760,6,9,R,A.Plutko (60)
33,33,May 4,@,TBR,L2-6,33,31,2,4,1,0,1,2,1,0,9,0,0,1,1,0,0,0,.234,.319,.431,.751,4,10,R,A.Kittredge (48)
34,34,May 5,@,TBR,L3-5,33,32,3,7,1,0,2,3,1,0,8,0,0,0,0,2,0,0,.234,.317,.431,.749,3,9,R,J.Faria (61)
35,35,May 6,@,TBR,W2-1,35,34,2,7,2,0,0,1,1,0,8,0,0,0,0,0,1,0,.233,.315,.427,.742,6,10,R,C.Archer (69)
36,36,May 8,,SEA,L0-5,29,26,0,0,0,0,0,0,3,0,7,0,0,0,0,1,0,0,.228,.311,.418,.728,2,9,L,J.Paxton (91)
37,37,May 9,,SEA,W5-2,36,34,5,12,5,1,1,5,2,0,7,0,0,0,1,1,0,0,.231,.313,.424,.736,7,12,L,W.LeBlanc (58)
38,38,May 10,,SEA,L3-9,34,32,3,8,2,0,1,2,2,0,10,0,0,0,0,3,0,0,.232,.312,.423,.736,4,12,R,M.Leake (62)
39,39,May 11,,BOS,W5-3,44,41,5,8,3,0,2,5,3,0,19,0,0,0,1,0,1,0,.231,.310,.423,.733,6,12,L,C.Sale (78)
40,40,May 12,,BOS,L2-5,36,33,2,7,1,0,1,2,3,0,12,0,0,0,1,1,1,0,.230,.310,.421,.730,7,11,L,D.Price (53)
41,41,May 13,,BOS,L3-5,40,35,3,10,3,0,0,3,5,0,11,0,0,0,0,1,0,0,.232,.311,.420,.731,10,10,L,D.Pomeranz (41)
42,42,May 15,@,NYM,L2-12,35,32,2,6,1,0,0,2,2,0,12,1,0,0,0,1,1,0,.231,.310,.415,.725,6,14,R,N.Syndergaard (54)
43,43,May 16,@,NYM,W12-1,48,41,12,15,4,0,3,12,6,0,11,0,0,1,0,0,0,0,.234,.314,.423,.736,9,14,R,Z.Wheeler (28)
44,44,May 17,,OAK,L5-10,41,33,5,7,2,0,0,5,7,0,3,0,0,1,0,1,0,0,.234,.314,.419,.734,9,9,R,A.Triggs (50)
45,45,May 18,,OAK,L1-3,35,32,1,6,1,0,0,1,3,0,15,0,0,0,0,0,1,0,.233,.313,.415,.728,7,10,L,B.Anderson (49)
46,46,May 19,,OAK,L4-5,40,32,4,6,3,0,1,4,6,0,5,1,0,1,1,1,1,0,.232,.314,.414,.728,9,12,L,S.Manaea (40)
47,47,May 20,,OAK,L2-9,34,29,2,4,0,0,1,2,4,0,5,0,1,0,0,0,0,0,.230,.312,.411,.723,5,11,R,D.Mengden (74)
48,48,May 22,,LAA,W5-3,32,29,5,6,2,0,1,3,3,0,7,0,0,0,1,2,0,0,.230,.312,.411,.722,3,9,R,G.Richards (45)
49,49,May 23,,LAA,L4-5,39,35,4,9,3,0,2,4,2,1,10,2,0,0,0,0,0,0,.231,.312,.413,.725,8,11,L,T.Skaggs (49)
50,50,May 24,,LAA,L1-8,31,30,1,5,2,0,1,1,1,0,8,0,0,0,0,2,0,0,.229,.310,.411,.722,3,9,R,N.Tropeano (71)
51,51,May 25,@,PHI,W6-5,38,37,6,11,4,0,1,6,1,0,11,0,0,0,1,1,0,1,.231,.310,.413,.723,5,13,R,Z.Eflin (30)
52,52,May 26,@,PHI,L1-2,31,28,1,3,0,0,0,1,3,0,12,0,0,0,0,2,0,0,.229,.308,.408,.717,3,12,R,A.Nola (75)
53,53,May 27,@,PHI,W5-3,38,33,5,8,2,0,1,5,5,1,13,0,0,0,0,1,0,1,.229,.309,.408,.717,6,12,R,N.Pivetta (56)
54,54,May 28,@,BOS,L3-8,38,32,3,7,3,2,0,3,5,0,9,0,0,1,0,1,1,0,.229,.309,.408,.718,8,10,L,D.Price (51)
55,55,May 29,@,BOS,L3-8,39,34,3,8,1,0,1,2,2,0,7,3,0,0,0,0,0,0,.229,.310,.407,.717,9,10,R,R.Porcello (57)
56,56,May 30,@,BOS,L4-6,35,33,4,6,1,0,1,4,2,0,10,0,0,0,1,0,0,1,.228,.308,.406,.714,4,10,L,E.Rodriguez (66)
57,57,Jun 1,@,DET,L2-5,38,31,2,7,1,1,0,2,5,0,5,1,0,1,0,2,0,0,.228,.309,.404,.713,9,10,L,B.Hardy (57)
58,58,Jun 2,@,DET,L4-7,34,32,4,6,2,0,2,4,2,0,4,0,0,0,0,1,0,0,.228,.308,.405,.713,3,10,L,M.Boyd (50)
59,59,Jun 3,@,DET,W8-4,41,36,8,11,2,0,2,8,5,0,5,0,0,0,0,1,0,1,.229,.309,.407,.716,6,9,R,M.Fulmer (46)
60,60,Jun 5,,NYY,L2-7,31,30,2,3,0,0,2,2,1,0,9,0,0,0,0,0,0,0,.227,.307,.405,.712,2,9,L,C.Sabathia (68)
61,61,Jun 6,,NYY,L0-3,43,41,0,4,2,0,0,0,2,0,15,0,0,0,0,2,1,0,.224,.304,.400,.704,4,9,R,S.Gray (84)
62,62,Jun 7,,BAL,W5-4,43,38,5,12,4,0,1,5,5,1,6,0,0,0,0,2,0,1,.226,.305,.402,.707,9,11,R,D.Hess (60)
63,63,Jun 8,,BAL,W5-1,37,34,5,13,1,1,3,5,3,0,6,0,0,0,0,1,0,1,.229,.307,.407,.715,8,10,R,A.Cashner (44)
64,64,Jun 9,,BAL,W4-3,43,39,4,12,3,0,1,4,3,0,7,1,0,0,0,1,0,1,.230,.309,.408,.717,10,9,R,K.Gausman (50)
65,65,Jun 10,,BAL,W13-3,46,43,13,19,2,0,4,13,3,0,10,0,0,0,0,0,0,0,.234,.312,.415,.727,9,10,R,A.Cobb (7)
66,66,Jun 11,@,TBR,L4-8,34,32,4,8,2,0,1,4,2,0,9,0,0,0,0,1,0,1,.234,.311,.415,.727,3,9,L,R.Yarbrough (45)
67,67,Jun 12,@,TBR,L1-4,34,32,1,5,0,0,0,1,2,0,6,0,0,0,0,0,0,0,.233,.310,.412,.722,6,10,R,R.Stanek (59)
68,68,Jun 13,@,TBR,L0-1,35,31,0,5,0,0,0,0,4,0,5,0,0,0,1,2,0,0,.232,.309,.408,.717,8,10,R,W.Font (54)
69,69,Jun 15,,WSN,W6-5,35,32,6,10,4,0,3,6,2,0,5,0,0,1,0,1,0,0,.233,.310,.412,.722,5,9,L,G.Gonzalez (35)
70,70,Jun 16,,WSN,W2-0,30,28,2,4,0,0,1,2,1,0,13,1,0,0,0,0,0,0,.232,.309,.410,.719,4,10,R,M.Scherzer (65)
71,71,Jun 17,,WSN,W8-6,41,38,8,15,3,0,4,8,2,0,4,1,0,0,0,1,2,0,.235,.310,.416,.727,9,11,R,T.Roark (30)
72,72,Jun 19,,ATL,L4-11,37,35,4,8,6,0,0,4,2,0,7,0,0,0,0,0,0,0,.235,.310,.416,.726,6,10,R,M.Soroka (32)
73,73,Jun 20,,ATL,W5-4,36,30,5,8,2,0,1,5,5,0,8,0,0,1,0,1,0,0,.235,.311,.416,.727,7,9,R,A.Sanchez (44)
74,74,Jun 21,@,LAA,L5-8,36,35,5,9,3,0,3,5,1,0,11,0,0,0,0,1,0,0,.236,.310,.419,.729,4,10,L,J.Lamb (39)
75,75,Jun 22,@,LAA,L1-2,36,36,1,9,3,0,0,1,0,0,5,0,0,0,0,0,0,0,.236,.309,.418,.727,8,10,L,A.Heaney (59)
76,76,Jun 23,@,LAA,W4-1,38,31,4,8,1,0,2,4,7,0,7,0,0,0,0,3,0,1,.236,.311,.419,.729,7,12,R,J.Barria (56)
77,77,Jun 24,@,LAA,W7-6,45,43,7,13,3,0,4,7,1,0,11,0,0,1,1,0,0,0,.237,.311,.422,.733,8,12,R,F.Pena (44)
78,78,Jun 25,@,HOU,W6-3,39,36,6,9,2,0,3,6,3,0,11,0,0,0,0,0,0,0,.237,.311,.424,.735,6,11,R,J.Verlander (48)
79,79,Jun 26,@,HOU,L0-7,34,31,0,5,0,0,0,0,3,0,15,0,0,0,0,0,0,1,.236,.310,.421,.731,7,11,R,C.Morton (80)
80,80,Jun 27,@,HOU,L6-7,39,34,6,10,2,0,0,6,3,0,6,0,0,2,1,2,0,0,.237,.310,.420,.730,6,11,L,D.Keuchel (30)
81,81,Jun 29,,DET,W3-2,34,28,3,8,0,0,1,3,6,0,6,0,0,0,0,3,0,0,.238,.311,.420,.731,7,9,L,F.Liriano (46)
82,82,Jun 30,,DET,W4-3,32,29,4,7,1,0,2,4,3,0,8,0,0,0,0,1,1,0,.238,.311,.421,.732,4,9,L,M.Boyd (57)
83,83,Jul 1,,DET,L1-9,33,33,1,6,1,1,0,1,0,0,6,0,0,0,0,0,0,0,.237,.310,.419,.729,5,12,R,J.Zimmermann (69)
84,84,Jul 2,,DET,L2-3,39,34,2,5,2,0,0,2,4,1,7,0,1,0,0,0,0,0,.236,.309,.416,.725,7,11,R,M.Fiers (76)
85,85,Jul 3,,NYM,W8-6,37,30,8,7,2,0,2,7,5,0,5,2,0,0,0,0,0,0,.236,.310,.417,.727,5,9,R,Z.Wheeler (61)
86,86,Jul 4,,NYM,L3-6,37,36,3,9,2,0,1,3,1,0,5,0,0,0,0,0,0,0,.236,.309,.417,.726,7,9,R,C.Oswalt (45)
87,87,Jul 6,,NYY,W6-2,39,35,6,11,3,0,1,6,3,0,5,1,0,0,0,0,1,0,.237,.310,.418,.728,9,9,R,S.Gray (26)
88,88,Jul 7,,NYY,L5-8,37,34,5,9,2,0,3,5,2,0,9,0,0,1,0,1,0,0,.237,.310,.420,.730,5,10,R,L.Severino (48)
89,89,Jul 8,,NYY,L1-2,38,36,1,6,2,0,1,1,2,0,10,0,0,0,1,0,0,1,.236,.309,.418,.727,7,11,R,D.German (63)
90,90,Jul 10,@,ATL,W6-2,40,36,6,8,2,0,1,6,4,1,6,0,0,0,2,1,1,0,.236,.309,.418,.726,7,15,R,J.Teheran (66)
91,91,Jul 11,@,ATL,L5-9,36,34,5,8,0,0,2,5,2,0,8,0,0,0,0,1,0,0,.236,.308,.418,.726,4,18,R,M.Foltynewicz (46)
92,92,Jul 12,@,BOS,L4-6,37,37,4,11,2,0,2,4,0,0,10,0,0,0,0,0,0,0,.237,.308,.419,.727,6,12,L,D.Price (58)
93,93,Jul 13,@,BOS,W13-7,50,40,13,14,3,0,3,13,7,0,10,2,0,1,0,0,0,0,.238,.310,.422,.732,10,11,R,R.Porcello (8)
94,94,Jul 14,@,BOS,L2-6,41,36,2,7,1,0,0,2,5,0,12,0,0,0,0,0,0,0,.238,.310,.419,.730,9,12,L,E.Rodriguez (65)
95,95,Jul 15,@,BOS,L2-5,38,34,2,8,1,0,1,2,4,0,11,0,0,0,0,1,0,0,.238,.310,.419,.729,9,10,L,B.Johnson (53)
96,96,Jul 20,,BAL,W8-7,44,39,8,10,3,1,3,8,3,1,8,1,0,1,2,0,1,1,.238,.310,.421,.732,7,9,R,D.Bundy (39)
97,97,Jul 21,,BAL,W4-1,32,28,4,6,2,0,0,2,4,0,7,0,0,0,1,2,0,0,.238,.310,.420,.730,4,9,R,A.Cobb (50)
98,98,Jul 22,,BAL,W5-4,33,32,5,10,2,0,2,5,1,0,4,0,0,0,0,2,0,0,.239,.311,.421,.732,4,11,R,A.Cashner (54)
99,99,Jul 23,,MIN,L3-8,43,37,3,11,1,0,1,3,5,0,9,0,0,1,0,0,0,0,.239,.311,.421,.732,13,9,L,A.Mejia (49)
100,100,Jul 24,,MIN,L0-5,31,30,0,5,1,0,0,0,1,0,11,0,0,0,0,2,0,0,.239,.310,.419,.730,4,9,R,J.Berrios (77)
101,101,Jul 25,,MIN,L6-12,49,44,6,16,4,0,0,6,2,0,10,1,0,2,0,1,1,0,.240,.311,.420,.731,10,10,R,E.Santana (45)
102,102,Jul 27,@,CHW,W10-5,42,35,10,9,3,0,5,9,4,0,8,2,0,1,1,1,0,0,.240,.312,.423,.735,5,11,R,R.Lopez (16)
103,103,Jul 28,@,CHW,L5-9,40,37,5,12,2,0,1,5,2,0,7,1,0,0,0,1,0,1,.241,.313,.424,.736,8,9,R,L.Giolito (27)
104,104,Jul 29,@,CHW,W7-4,38,35,7,10,3,0,2,7,1,0,6,2,0,0,0,0,0,1,.242,.313,.425,.738,4,12,L,C.Rodon (66)
105,105,Jul 30,@,OAK,L1-10,37,33,1,5,2,0,1,1,4,0,10,0,0,0,1,0,0,0,.241,.312,.424,.736,9,10,R,E.Jackson (65)
106,106,Jul 31,@,OAK,L2-6,35,31,2,6,1,0,1,2,3,0,9,0,1,0,2,1,0,0,.240,.312,.423,.734,6,9,R,T.Cahill (58)
107,107,Aug 1,@,OAK,L3-8,40,34,3,8,2,0,1,3,6,0,9,0,0,0,0,1,0,0,.240,.312,.422,.734,10,9,L,S.Manaea (61)
108,108,Aug 2,@,SEA,W7-3,42,39,7,11,5,0,2,6,3,0,7,0,0,0,2,1,0,0,.241,.312,.424,.736,8,10,R,F.Hernandez (49)
109,109,Aug 3,@,SEA,W7-2,38,37,7,11,1,1,2,7,0,0,7,0,0,1,1,1,1,0,.241,.312,.425,.737,4,9,L,M.Gonzales (54)
110,110,Aug 4,@,SEA,W5-1,36,34,5,12,4,0,1,5,2,0,8,0,0,0,0,4,1,1,.242,.313,.426,.739,4,9,L,J.Paxton (55)
111,111,Aug 5,@,SEA,L3-6,35,34,3,9,1,0,1,3,1,0,8,0,0,0,0,1,0,0,.243,.313,.426,.738,5,10,R,M.Leake (49)
112,112,Aug 7,,BOS,L7-10,47,40,7,13,2,0,3,7,6,0,7,0,0,1,0,2,0,0,.244,.314,.428,.741,10,9,L,D.Pomeranz (44)
113,113,Aug 8,,BOS,L5-10,38,36,5,9,1,0,2,5,2,0,9,0,0,0,1,1,0,0,.244,.313,.428,.741,6,9,L,B.Johnson (49)
114,114,Aug 9,,BOS,W8-5,37,34,8,12,2,0,2,8,3,0,9,0,0,0,1,1,2,1,.245,.314,.429,.743,5,9,R,R.Porcello (24)
115,115,Aug 10,,TBR,L0-7,30,29,0,3,0,0,0,0,1,0,9,0,0,0,0,0,0,0,.243,.313,.427,.740,3,9,L,B.Snell (73)
116,116,Aug 11,,TBR,L1-3,33,28,1,5,1,0,1,1,4,0,8,1,0,0,0,2,0,1,.243,.313,.426,.739,5,11,R,R.Stanek (53)
117,117,Aug 12,,TBR,W2-1,28,26,2,5,3,0,0,2,2,0,8,0,0,0,0,1,1,0,.243,.312,.425,.738,2,10,R,T.Glasnow (63)
118,118,Aug 13,@,KCR,L1-3,32,28,1,5,0,0,1,1,4,0,7,0,0,0,0,2,0,1,.242,.312,.424,.737,4,9,R,B.Keller (67)
119,119,Aug 14,@,KCR,W6-5,39,31,6,6,1,0,2,5,7,0,4,1,0,0,0,2,0,0,.242,.313,.424,.737,6,10,R,H.Fillmyer (39)
120,120,Aug 15,@,KCR,W6-5,41,36,6,10,2,0,1,6,4,0,6,1,0,0,0,0,0,0,.242,.313,.424,.737,8,10,R,J.Lopez (25)
121,121,Aug 16,@,KCR,L2-6,36,31,2,7,1,0,0,2,3,0,9,1,0,1,0,1,0,1,.242,.313,.423,.736,7,9,R,G.Sparkman (48)
122,122,Aug 17,@,NYY,L5-7,30,27,5,7,1,0,0,5,3,0,8,0,0,0,0,1,0,0,.242,.313,.422,.735,4,9,R,L.Lynn (32)
123,123,Aug 18,@,NYY,L6-11,42,38,6,13,3,0,0,5,4,0,13,0,0,0,0,0,0,0,.243,.314,.422,.736,9,10,R,L.Severino (53)
124,124,Aug 19,@,NYY,L2-10,38,35,2,9,3,0,2,2,2,0,10,1,0,0,0,0,0,1,.243,.314,.423,.737,9,9,L,J.Happ (53)
125,125,Aug 20,,BAL,W5-3,34,30,5,7,4,0,2,5,4,0,5,0,0,0,0,1,0,0,.243,.314,.424,.738,5,10,R,A.Cashner (37)
126,126,Aug 21,,BAL,W8-2,37,35,8,12,2,0,4,8,2,0,4,0,0,0,2,3,0,0,.244,.315,.427,.741,5,10,R,D.Bundy (17)
127,127,Aug 22,,BAL,W6-0,32,30,6,6,2,0,2,5,2,0,8,0,0,0,0,0,0,0,.244,.314,.427,.741,2,9,R,D.Hess (74)
128,128,Aug 24,,PHI,W4-2,33,29,4,6,1,0,2,4,3,0,8,1,0,0,1,0,0,0,.243,.314,.427,.741,5,9,R,J.Arrieta (46)
129,129,Aug 25,,PHI,W8-6,37,32,8,9,3,0,2,8,4,0,7,1,0,0,0,1,0,0,.244,.315,.428,.743,5,11,R,N.Pivetta (41)
130,130,Aug 26,,PHI,L3-8,36,32,3,7,2,0,2,3,4,0,11,0,0,0,0,1,0,0,.244,.315,.428,.743,6,9,R,V.Velasquez (56)
131,131,Aug 27,@,BAL,L0-7,36,34,0,7,3,0,0,0,2,0,9,0,0,0,0,0,0,0,.243,.314,.427,.741,9,10,R,D.Hess (67)
132,132,Aug 28,@,BAL,L5-12,42,38,5,12,0,0,2,5,4,0,7,0,0,0,0,0,0,0,.244,.315,.428,.742,10,9,L,J.Rogers (42)
133,133,Aug 29,@,BAL,L5-10,44,38,5,13,5,0,3,5,5,0,5,0,0,1,0,1,0,0,.245,.315,.430,.745,12,12,R,A.Cobb (35)
134,134,Aug 31,@,MIA,W6-5,38,34,6,8,1,0,1,6,3,0,6,0,0,1,0,0,0,0,.245,.315,.429,.745,5,17,R,D.Straily (73)
135,135,Sep 1,@,MIA,L3-6,32,31,3,5,1,0,1,3,0,0,7,0,0,1,0,0,0,0,.244,.314,.428,.743,2,14,L,W.Chen (79)
136,136,Sep 2,@,MIA,W6-1,41,32,6,8,4,0,1,6,4,0,7,2,0,3,1,0,0,0,.244,.314,.429,.743,8,12,R,J.Brigham (37)
137,137,Sep 3,,TBR,L1-7,32,28,1,4,0,0,0,1,4,0,6,0,0,0,0,3,0,0,.243,.314,.427,.741,4,9,R,R.Stanek (54)
138,138,Sep 4,,TBR,L0-4,32,28,0,3,1,0,0,0,2,0,10,1,1,0,0,0,0,1,.243,.313,.425,.739,5,9,R,R.Stanek (52)
139,139,Sep 5,,TBR,W10-3,45,40,10,16,4,0,2,10,4,1,10,1,0,0,0,0,0,0,.244,.315,.427,.742,11,12,R,T.Glasnow (14)
140,140,Sep 6,,CLE,L4-9,38,36,4,11,5,0,0,3,2,0,9,0,0,0,1,3,0,0,.244,.315,.427,.742,7,13,R,S.Bieber (50)
141,141,Sep 7,,CLE,W3-2,42,39,3,9,3,0,1,3,1,0,20,1,0,1,1,0,1,1,.244,.314,.427,.741,8,14,R,C.Carrasco (77)
142,142,Sep 8,,CLE,L8-9,47,45,8,18,8,0,3,8,2,1,7,0,0,0,0,0,0,0,.246,.315,.430,.746,12,14,R,A.Plutko (30)
143,143,Sep 9,,CLE,W6-2,33,31,6,6,2,0,2,6,2,0,11,0,0,0,1,0,1,0,.245,.315,.430,.745,3,12,R,M.Clevinger (59)
144,144,Sep 11,@,BOS,L2-7,35,31,2,5,2,0,0,1,3,0,11,1,0,0,0,0,2,0,.245,.315,.429,.744,6,13,L,C.Sale (53)
145,145,Sep 12,@,BOS,L0-1,33,31,0,4,1,0,0,0,2,0,10,0,0,0,0,0,0,0,.244,.314,.427,.741,6,14,L,D.Price (78)
146,146,Sep 13,@,BOS,L3-4,37,34,3,7,1,0,1,3,1,0,9,2,0,0,0,0,0,0,.244,.313,.427,.740,7,14,L,E.Rodriguez (65)
147,147,Sep 14,@,NYY,L0-11,37,34,0,7,3,0,0,0,3,0,12,0,0,0,0,0,0,0,.244,.313,.426,.739,10,12,R,M.Tanaka (70)
148,148,Sep 15,@,NYY,W8-7,43,42,8,16,2,0,3,8,1,0,9,0,0,0,1,2,0,0,.245,.314,.428,.741,8,10,L,C.Sabathia (25)
149,149,Sep 16,@,NYY,W3-2,36,34,3,7,2,0,0,3,2,0,9,0,0,0,0,0,0,0,.245,.313,.427,.740,6,14,R,L.Lynn (63)
150,150,Sep 17,@,BAL,W5-0,33,33,5,6,1,0,3,5,0,0,9,0,0,0,0,0,0,0,.244,.313,.427,.740,1,10,R,E.Phillips (40)
151,151,Sep 18,@,BAL,W6-4,37,34,6,9,2,0,0,4,2,0,6,0,1,0,1,0,1,1,.244,.313,.426,.739,4,12,R,D.Bundy (51)
152,152,Sep 19,@,BAL,L1-2,33,30,1,4,0,0,1,1,2,0,7,1,0,0,0,0,0,0,.244,.312,.425,.737,5,12,R,J.Yacabonis (61)
153,153,Sep 20,,TBR,W9-8,39,37,9,11,3,0,4,9,1,0,9,1,0,0,0,0,0,0,.244,.312,.427,.739,4,15,R,R.Stanek (40)
154,154,Sep 21,,TBR,L3-11,34,33,3,7,0,0,3,3,1,0,5,0,0,0,0,0,0,0,.244,.312,.427,.739,4,13,R,D.Castillo (48)
155,155,Sep 22,,TBR,W5-2,34,32,5,10,4,0,1,5,2,0,9,0,0,0,0,0,0,0,.244,.312,.428,.740,5,13,R,T.Glasnow (52)
156,156,Sep 23,,TBR,L2-5,36,34,2,8,0,0,0,2,2,0,11,0,0,0,1,0,1,1,.244,.312,.427,.739,7,12,L,B.Snell (77)
157,157,Sep 24,,HOU,L3-5,38,35,3,11,2,0,1,3,3,0,9,0,0,0,0,3,0,0,.245,.312,.427,.739,8,13,L,D.Keuchel (43)
158,158,Sep 25,,HOU,L1-4,34,31,1,6,3,0,1,1,2,0,7,1,0,0,0,2,0,0,.244,.312,.427,.739,6,12,R,J.James (57)
159,159,Sep 26,,HOU,W3-1,28,25,3,3,0,0,2,3,3,0,8,0,0,0,0,1,1,0,.244,.311,.426,.738,1,9,R,C.Devenski (47)
160,160,Sep 28,@,TBR,W7-6,43,37,7,12,3,1,2,7,5,0,11,1,0,0,1,0,3,1,.244,.312,.428,.740,9,12,R,T.Glasnow (48)
161,161,Sep 29,@,TBR,L3-4,36,31,3,5,0,0,2,3,4,0,18,0,0,1,0,0,1,0,.244,.312,.427,.739,6,12,L,B.Snell (63)
162,162,Sep 30,@,TBR,L4-9,38,35,4,9,2,1,0,3,3,0,7,0,0,0,0,1,1,0,.244,.312,.427,.739,7,12,R,R.Stanek (57)